epoch,train_loss,val_loss,train_accuracy,val_accuracy
1,0.5808985718920084,0.6379465848534792,0.6950146627565983,0.6754385964912281
2,0.5583821314194589,0.6172804797374553,0.7155425219941349,0.7017543859649122
3,0.5377372110598464,0.598176601439751,0.7272727272727273,0.7105263157894737
4,0.5186724346406527,0.5805362184581633,0.7419354838709677,0.7280701754385965
5,0.5011265197931671,0.5641871902084863,0.7683284457478006,0.7280701754385965
6,0.4850530335349677,0.5490555490908874,0.7771260997067448,0.7280701754385965
7,0.47021231187230156,0.5349875009458448,0.7917888563049853,0.7280701754385965
8,0.45651786486974616,0.5218559087278393,0.8035190615835777,0.7280701754385965
9,0.4438159565377407,0.5096289935107541,0.8093841642228738,0.7543859649122807
10,0.43203149652581324,0.4982218753161279,0.8123167155425219,0.7807017543859649
11,0.4210211694806061,0.4875316150021864,0.8211143695014663,0.7807017543859649
12,0.41072203119013656,0.47749653922531005,0.8299120234604106,0.7807017543859649
13,0.40109375303259276,0.4680597669032064,0.8357771260997068,0.7894736842105263
14,0.39207710504879895,0.45918559562055,0.844574780058651,0.8070175438596491
15,0.38358817390417355,0.4507597611338092,0.8504398826979472,0.8245614035087719
16,0.37556160262070454,0.44275225484097286,0.8563049853372434,0.8245614035087719
17,0.36799751455904367,0.43519245730380063,0.8680351906158358,0.8333333333333334
18,0.3608307869541795,0.42801429684307873,0.8768328445747801,0.8333333333333334
19,0.3540475755642629,0.42120590694504106,0.8768328445747801,0.8333333333333334
20,0.34761465053429674,0.41472365046546344,0.8856304985337243,0.8333333333333334
21,0.34152128456927483,0.4085630571031776,0.8856304985337243,0.8333333333333334
22,0.335701377430111,0.40267562571749865,0.8914956011730205,0.8333333333333334
23,0.33015154726107554,0.3970494402114013,0.8914956011730205,0.8333333333333334
24,0.32482865886778006,0.39164113404898593,0.8944281524926686,0.8333333333333334
25,0.31974517800005803,0.38646240906608853,0.8973607038123167,0.8421052631578947
26,0.3148960514340689,0.3815020825926603,0.9032258064516129,0.8508771929824561
27,0.3102562534099474,0.37674573777853315,0.9090909090909091,0.8596491228070176
28,0.30580388105471434,0.37218128520600985,0.9149560117302052,0.8596491228070176
29,0.3015338395486734,0.36778287774306767,0.9149560117302052,0.8596491228070176
30,0.2974391566483881,0.36355143389579414,0.9149560117302052,0.8596491228070176
31,0.2934924716047297,0.35947969967268045,0.9178885630498533,0.8596491228070176
32,0.2896779567661911,0.3555480564270668,0.9178885630498533,0.8596491228070176
33,0.28599587997313725,0.35175561843257536,0.9178885630498533,0.8596491228070176
34,0.28244924229414653,0.34809749888077146,0.9208211143695014,0.8596491228070176
35,0.2790281533624346,0.3445696802285281,0.9208211143695014,0.8596491228070176
36,0.27569575066963947,0.3411434325009618,0.9208211143695014,0.868421052631579
37,0.272482688589297,0.3378394100664544,0.9208211143695014,0.868421052631579
38,0.2693715299030727,0.33464282819458013,0.9208211143695014,0.868421052631579
39,0.266361024205323,0.33154845356511214,0.9208211143695014,0.868421052631579
40,0.2634481006422367,0.32855061103159394,0.9208211143695014,0.868421052631579
41,0.26062643135297403,0.3256470257517639,0.9208211143695014,0.868421052631579
42,0.257866280511357,0.32281204147378684,0.9208211143695014,0.8771929824561403
43,0.255191579771397,0.32006268316670006,0.9237536656891495,0.8771929824561403
44,0.25260142255637513,0.31739891839129825,0.9237536656891495,0.8771929824561403
45,0.25008497556799203,0.31480684053558966,0.9266862170087976,0.8771929824561403
46,0.2476419745700826,0.3122926646994727,0.9296187683284457,0.8771929824561403
47,0.24527202375270116,0.3098520414048331,0.9296187683284457,0.8771929824561403
48,0.24297046244407355,0.30748286728813323,0.9296187683284457,0.8771929824561403
49,0.2407350437794482,0.305168262433142,0.9296187683284457,0.8771929824561403
50,0.23855765688024577,0.30289862141236734,0.9325513196480938,0.8771929824561403
51,0.23644036412262615,0.30068716859911815,0.9354838709677419,0.8771929824561403
52,0.2343892520690821,0.29853328479139796,0.9354838709677419,0.8771929824561403
53,0.23240290140272235,0.29644771991043484,0.9384164222873901,0.8771929824561403
54,0.23046492352349962,0.2944171154806324,0.9384164222873901,0.8771929824561403
55,0.22857677188577993,0.29244023691597315,0.9384164222873901,0.8771929824561403
56,0.2267319710039153,0.29051346602727807,0.9384164222873901,0.8771929824561403
57,0.2248820369694612,0.2886050288384892,0.9384164222873901,0.8859649122807017
58,0.22307436251836446,0.2867447424774567,0.9472140762463344,0.8859649122807017
59,0.22130653390305116,0.28492269704493195,0.9472140762463344,0.8859649122807017
60,0.21958299443196125,0.28314494331438056,0.9472140762463344,0.8859649122807017
61,0.21790370949471732,0.2814168326548238,0.9472140762463344,0.8859649122807017
62,0.2162646034040736,0.27972854897895844,0.9472140762463344,0.8859649122807017
63,0.21466412401578044,0.2780803979128778,0.9472140762463344,0.8859649122807017
64,0.21309492810938435,0.27646936609620937,0.9472140762463344,0.8859649122807017
65,0.21155121578711486,0.27488823734930606,0.9472140762463344,0.8859649122807017
66,0.2100402868222902,0.27334108618516595,0.9472140762463344,0.8859649122807017
67,0.20856401846354866,0.2718282944372317,0.9472140762463344,0.8859649122807017
68,0.20712430814182675,0.2703499476738013,0.9472140762463344,0.8859649122807017
69,0.20571796468290235,0.26890492015377576,0.9472140762463344,0.8859649122807017
70,0.20434207979860208,0.2674893852273759,0.9472140762463344,0.8859649122807017
71,0.20298617799589722,0.26609781835927565,0.9472140762463344,0.8859649122807017
72,0.20165518164351612,0.26473699927547784,0.9501466275659824,0.8859649122807017
73,0.20034418481077682,0.2634007748878352,0.9501466275659824,0.8947368421052632
74,0.1990568922066911,0.2620882933551451,0.9501466275659824,0.8947368421052632
75,0.19779799244586677,0.2608023304120933,0.9501466275659824,0.8947368421052632
76,0.19656792541780646,0.25954408920847444,0.9501466275659824,0.8947368421052632
77,0.19536390697650483,0.2583104490564682,0.9501466275659824,0.8947368421052632
78,0.19418613736866752,0.25710299301478906,0.9501466275659824,0.8947368421052632
79,0.193031917339298,0.2559146869008562,0.9501466275659824,0.8947368421052632
80,0.1919025654556975,0.2547488676133639,0.9501466275659824,0.8947368421052632
81,0.1907982236858381,0.25360505363972985,0.9501466275659824,0.8947368421052632
82,0.18971632801298136,0.2524821309575675,0.9501466275659824,0.8947368421052632
83,0.1886556244092525,0.251381148148086,0.9501466275659824,0.8947368421052632
84,0.18761413514850683,0.2503016383363582,0.9501466275659824,0.8947368421052632
85,0.18659107209482784,0.2492413175388463,0.9501466275659824,0.8947368421052632
86,0.18558732984809723,0.24819927591568386,0.9501466275659824,0.8947368421052632
87,0.1846020477391836,0.24717395548079868,0.9501466275659824,0.8947368421052632
88,0.18363550881050722,0.24616715665879293,0.9501466275659824,0.8947368421052632
89,0.18268691943496798,0.24517898380354589,0.9501466275659824,0.8947368421052632
90,0.18174895278234077,0.2442047897519221,0.9501466275659824,0.9035087719298246
91,0.18082759286797048,0.24324649450119698,0.9501466275659824,0.9035087719298246
92,0.17992283912546841,0.24230277502045647,0.9501466275659824,0.9035087719298246
93,0.17903352489288313,0.24137464818768625,0.9530791788856305,0.9035087719298246
94,0.17815837797868786,0.24046108959351672,0.9530791788856305,0.9035087719298246
95,0.17729840681296366,0.2395627550558347,0.9530791788856305,0.9035087719298246
96,0.17645235837228648,0.2386822181545874,0.9530791788856305,0.9035087719298246
97,0.17561969132786368,0.23781556186410518,0.9530791788856305,0.9035087719298246
98,0.17479492661548482,0.2369626098979522,0.9530791788856305,0.9035087719298246
99,0.17397892993735342,0.2361199640281303,0.9530791788856305,0.9035087719298246
100,0.1731759922350376,0.23528947683872986,0.9530791788856305,0.9035087719298246
101,0.17238557795159756,0.23447125355991205,0.9530791788856305,0.9035087719298246
102,0.17160788287144124,0.23366552230897622,0.9560117302052786,0.9035087719298246
103,0.17084277148249602,0.2328718701767982,0.9560117302052786,0.9035087719298246
104,0.17008969381567077,0.23209144524804579,0.9560117302052786,0.9035087719298246
105,0.16934842096533254,0.23132277381242305,0.9560117302052786,0.9035087719298246
106,0.1686186092246357,0.2305651959322628,0.9560117302052786,0.9035087719298246
107,0.16790053874017713,0.22981869807449778,0.9560117302052786,0.9035087719298246
108,0.16719499577744595,0.2290837822336061,0.9560117302052786,0.9035087719298246
109,0.16650001456143274,0.2283577394522006,0.9560117302052786,0.9035087719298246
110,0.16581585863529433,0.22764207375609952,0.9560117302052786,0.9122807017543859
111,0.16514255398460778,0.22693795132913486,0.9560117302052786,0.9122807017543859
112,0.16447909158192833,0.22623660002810267,0.9560117302052786,0.9122807017543859
113,0.16382544229735496,0.22554336497622157,0.9560117302052786,0.9122807017543859
114,0.16318257251206886,0.22485993657663497,0.9560117302052786,0.9122807017543859
115,0.16254894427532968,0.2241856610464069,0.9560117302052786,0.9122807017543859
116,0.16192434947225032,0.22352015719081195,0.9560117302052786,0.9122807017543859
117,0.1613087955619387,0.22286344357859236,0.9560117302052786,0.9122807017543859
118,0.16070485720004324,0.2222151118446903,0.9560117302052786,0.9122807017543859
119,0.16011300577702026,0.22157919762456296,0.9560117302052786,0.9122807017543859
120,0.15953042678638288,0.22095136932778897,0.9560117302052786,0.9210526315789473
121,0.15895572822680215,0.22033190315000992,0.9589442815249267,0.9210526315789473
122,0.158387955300265,0.21972005575470918,0.9589442815249267,0.9210526315789473
123,0.15782781510250202,0.21911583568040313,0.9618768328445748,0.9210526315789473
124,0.1572747113811855,0.21851901078427466,0.9618768328445748,0.9210526315789473
125,0.1567250128062332,0.2179276111973013,0.9618768328445748,0.9210526315789473
126,0.15618248902354603,0.21734306800020373,0.9618768328445748,0.9210526315789473
127,0.15564720850114763,0.2167656035741443,0.9618768328445748,0.9210526315789473
128,0.15511895956928645,0.21619483086737973,0.9618768328445748,0.9210526315789473
129,0.15459761810116113,0.21563086571309487,0.9618768328445748,0.9210526315789473
130,0.15408288032028683,0.21507325748010284,0.9618768328445748,0.9210526315789473
131,0.153574586789512,0.21452183761185437,0.9618768328445748,0.9210526315789473
132,0.15307220793530976,0.21397632411188083,0.9618768328445748,0.9210526315789473
133,0.1525746932967775,0.2134365738205517,0.9618768328445748,0.9210526315789473
134,0.15208165893640377,0.21290055344679157,0.9618768328445748,0.9210526315789473
135,0.1515941848016806,0.2123704477910301,0.9618768328445748,0.9210526315789473
136,0.15111182881234236,0.21184629865461885,0.9618768328445748,0.9210526315789473
137,0.15063464678138946,0.21132771379899182,0.9618768328445748,0.9210526315789473
138,0.1501611770771021,0.21081492279032454,0.9618768328445748,0.9210526315789473
139,0.1496894792499501,0.2103060204089051,0.9618768328445748,0.9210526315789473
140,0.14922302398517456,0.20980212973911677,0.9618768328445748,0.9210526315789473
141,0.14876156009129685,0.20930329192843286,0.9618768328445748,0.9210526315789473
142,0.14830457196945043,0.2088082039667427,0.9618768328445748,0.9210526315789473
143,0.14785295657333541,0.2083182794327169,0.9618768328445748,0.9210526315789473
144,0.14740637978939525,0.20783320273956263,0.9618768328445748,0.9210526315789473
145,0.14696484102833163,0.20735294600647944,0.9618768328445748,0.9210526315789473
146,0.14652825768435931,0.20687758103634368,0.9618768328445748,0.9210526315789473
147,0.14609639407684424,0.20640685522373953,0.9618768328445748,0.9210526315789473
148,0.1456685465016577,0.20594032734740603,0.9618768328445748,0.9210526315789473
149,0.14524564636038162,0.20547839281730765,0.9618768328445748,0.9210526315789473
150,0.1448274754460323,0.20502102081848683,0.9618768328445748,0.9210526315789473
151,0.14441392811027506,0.20456865753632755,0.9618768328445748,0.9210526315789473
152,0.14400503859666525,0.20412115748577464,0.9618768328445748,0.9210526315789473
153,0.14359994823653496,0.2036777065961265,0.9618768328445748,0.9210526315789473
154,0.14319655802642897,0.20323564718140613,0.9618768328445748,0.9210526315789473
155,0.14279779066901443,0.202798141542451,0.9618768328445748,0.9210526315789473
156,0.14240124927018513,0.2023648160897712,0.9618768328445748,0.9210526315789473
157,0.14200558794888188,0.2019339621931958,0.9618768328445748,0.9210526315789473
158,0.14161472861782426,0.20150788046522447,0.9618768328445748,0.9210526315789473
159,0.1412274822070532,0.2010856965865184,0.9618768328445748,0.9210526315789473
160,0.14084427577144634,0.200667399354728,0.9618768328445748,0.9210526315789473
161,0.14046498743315913,0.2002528839733447,0.9618768328445748,0.9210526315789473
162,0.14008961725884575,0.1998423833733085,0.9618768328445748,0.9210526315789473
163,0.13971804032182172,0.19943530435229564,0.9618768328445748,0.9210526315789473
164,0.13935044824017265,0.19903172166827496,0.9618768328445748,0.9210526315789473
165,0.13898652479830442,0.19863165803492766,0.9618768328445748,0.9210526315789473
166,0.13862606962357732,0.1982350872248837,0.9618768328445748,0.9210526315789473
167,0.13826919300871232,0.19784194722141615,0.9618768328445748,0.9210526315789473
168,0.13791586010573106,0.1974521556664988,0.9618768328445748,0.9210526315789473
169,0.1375660239695263,0.19706570491140082,0.9618768328445748,0.9210526315789473
170,0.1372192556362539,0.19668245061320422,0.9618768328445748,0.9210526315789473
171,0.13687540318197142,0.19630194246379523,0.9618768328445748,0.9210526315789473
172,0.13653422353363467,0.1959240632618892,0.9618768328445748,0.9210526315789473
173,0.1361961967738462,0.19554926138296988,0.9618768328445748,0.9210526315789473
174,0.1358614485496698,0.1951775444856429,0.9618768328445748,0.9210526315789473
175,0.1355299977060518,0.19480772296151028,0.9618768328445748,0.9210526315789473
176,0.13520174234528232,0.19444041828386277,0.9618768328445748,0.9210526315789473
177,0.1348765328067767,0.19407597557436712,0.9618768328445748,0.9210526315789473
178,0.1345543344725142,0.19371440218916533,0.9618768328445748,0.9210526315789473
179,0.13423512356964834,0.19335589707502776,0.9618768328445748,0.9210526315789473
180,0.1339189038260614,0.19300029748852077,0.9618768328445748,0.9210526315789473
181,0.13360567008922788,0.19264759164098397,0.9618768328445748,0.9210526315789473
182,0.13329543719302123,0.1922977933102234,0.9618768328445748,0.9210526315789473
183,0.13298793106761708,0.1919506930502042,0.9618768328445748,0.9210526315789473
184,0.13268307897118253,0.191606198649679,0.9618768328445748,0.9210526315789473
185,0.13238084852175366,0.1912643126566265,0.9618768328445748,0.9210526315789473
186,0.13208121603491896,0.19092491669102316,0.9618768328445748,0.9210526315789473
187,0.1317842762430258,0.1905880152142007,0.9618768328445748,0.9210526315789473
188,0.13148992368061843,0.1902535454124119,0.9618768328445748,0.9210526315789473
189,0.131198255008463,0.18992086730880345,0.9618768328445748,0.9210526315789473
190,0.1309092689415452,0.18959071275562675,0.9618768328445748,0.9210526315789473
191,0.13062257387681198,0.18926294068123084,0.9618768328445748,0.9210526315789473
192,0.13033808388353849,0.18893726971969704,0.9618768328445748,0.9298245614035088
193,0.13005597976499847,0.18861395538919412,0.9618768328445748,0.9298245614035088
194,0.12977628526254958,0.1882929334492217,0.9618768328445748,0.9298245614035088
195,0.12949898042651597,0.18797437067672496,0.9648093841642229,0.9298245614035088
196,0.12922396323607432,0.1876580141696596,0.9648093841642229,0.9298245614035088
197,0.12895169413524507,0.18734416536152945,0.9648093841642229,0.9298245614035088
198,0.1286815657722121,0.18703246874788293,0.9648093841642229,0.9298245614035088
199,0.12841354568866994,0.18672284142770024,0.9648093841642229,0.9298245614035088
200,0.12814739419366405,0.18641530307932508,0.9648093841642229,0.9298245614035088
201,0.12788303617161462,0.1861097392533207,0.9648093841642229,0.9298245614035088
202,0.1276199926197598,0.1858057783842982,0.9648093841642229,0.9298245614035088
203,0.1273589901610365,0.18550387490564332,0.9648093841642229,0.9298245614035088
204,0.12709998902866765,0.18520396293097915,0.9648093841642229,0.9298245614035088
205,0.12684332074989232,0.18490619053904203,0.9648093841642229,0.9298245614035088
206,0.12658837395819383,0.1846106234915425,0.9648093841642229,0.9298245614035088
207,0.12633513005155245,0.18431670009412615,0.9648093841642229,0.9298245614035088
208,0.1260838839958212,0.1840247084985389,0.9648093841642229,0.9298245614035088
209,0.12583439793688828,0.1837344439942547,0.9648093841642229,0.9298245614035088
210,0.12558674815491225,0.1834460689419514,0.9648093841642229,0.9298245614035088
211,0.12534092564165364,0.18315961241826376,0.9648093841642229,0.9298245614035088
212,0.12509688889529727,0.18287498552050116,0.9648093841642229,0.9298245614035088
213,0.12485461614164121,0.18259214763698897,0.9648093841642229,0.9298245614035088
214,0.12461421177030738,0.18231107237378294,0.9648093841642229,0.9298245614035088
215,0.12437562705214468,0.18203200070816808,0.9648093841642229,0.9298245614035088
216,0.12413860962104856,0.1817547217644458,0.9648093841642229,0.9298245614035088
217,0.12390330651728727,0.18147935355299624,0.9648093841642229,0.9298245614035088
218,0.12366966211574194,0.18120603360976062,0.9618768328445748,0.9298245614035088
219,0.12343771021447096,0.18093442774097532,0.9618768328445748,0.9298245614035088
220,0.12320749048892957,0.1806645648022943,0.9618768328445748,0.9298245614035088
221,0.12297885269766369,0.18039647343377943,0.9618768328445748,0.9298245614035088
222,0.12275167024392761,0.18012975550352683,0.9618768328445748,0.9298245614035088
223,0.12252602804002502,0.17986460139492294,0.9618768328445748,0.9298245614035088
224,0.12230190893191042,0.17960098875481753,0.9618768328445748,0.9298245614035088
225,0.12207934066290212,0.17933842782956913,0.9618768328445748,0.9298245614035088
226,0.1218582352988781,0.17907725264757027,0.9618768328445748,0.9298245614035088
227,0.12163859347721913,0.17881757529007683,0.9618768328445748,0.9298245614035088
228,0.12142036687242755,0.17855980701653867,0.9618768328445748,0.9298245614035088
229,0.12120347142488756,0.17830355931967923,0.9618768328445748,0.9298245614035088
230,0.1209880599340181,0.17804872608468972,0.9618768328445748,0.9298245614035088
231,0.12077439386234584,0.17779549180610774,0.9618768328445748,0.9298245614035088
232,0.12056210076648977,0.17754364960462685,0.9618768328445748,0.9298245614035088
233,0.12035115085097448,0.17729332066420705,0.9618768328445748,0.9298245614035088
234,0.12014150602693063,0.17704438958036042,0.9618768328445748,0.9298245614035088
235,0.11993316937621738,0.17679707862765714,0.9618768328445748,0.9298245614035088
236,0.1197260053089891,0.17655101999526385,0.9618768328445748,0.9298245614035088
237,0.11952013419296678,0.1763062907597355,0.9618768328445748,0.9298245614035088
238,0.11931554049447435,0.17606287659653266,0.9618768328445748,0.9298245614035088
239,0.11911225369896675,0.17582076183734513,0.9618768328445748,0.9298245614035088
240,0.11891049877016877,0.17558036164035634,0.9618768328445748,0.9298245614035088
241,0.1187099725122874,0.1753412149739558,0.9618768328445748,0.9298245614035088
242,0.11851066070587345,0.17510372675491886,0.9618768328445748,0.9298245614035088
243,0.118312549121324,0.17486749719877184,0.9618768328445748,0.9298245614035088
244,0.11811562370447487,0.1746324895564726,0.9618768328445748,0.9298245614035088
245,0.11791987393351074,0.17439869046365414,0.9618768328445748,0.9298245614035088
246,0.11772534570114794,0.17416645452095625,0.9618768328445748,0.9298245614035088
247,0.11753207746420015,0.17393548536420883,0.9618768328445748,0.9298245614035088
248,0.11733995673834363,0.17370438801761934,0.9618768328445748,0.9298245614035088
249,0.11714884681146305,0.17347303331742206,0.9618768328445748,0.9298245614035088
250,0.11695781820330245,0.17324251813746622,0.9618768328445748,0.9298245614035088
251,0.11676794605610273,0.17301314016433325,0.9618768328445748,0.9298245614035088
252,0.1165793347648922,0.17278526277798717,0.9618768328445748,0.9298245614035088
253,0.11639179849242498,0.17255852897600954,0.9618768328445748,0.9298245614035088
254,0.11620536872351168,0.1723328812806744,0.9618768328445748,0.9298245614035088
255,0.11602010177642616,0.1721083494567262,0.9618768328445748,0.9298245614035088
256,0.11583592370855615,0.171885111367984,0.9618768328445748,0.9298245614035088
257,0.11565276549673945,0.1716629917617353,0.9618768328445748,0.9298245614035088
258,0.11547062033509115,0.17144201887760446,0.9618768328445748,0.9298245614035088
259,0.11528947780851843,0.17122208399429958,0.9618768328445748,0.9298245614035088
260,0.11510933016318617,0.17100318049469154,0.9618768328445748,0.9298245614035088
261,0.11493014071101337,0.17078529696912123,0.9618768328445748,0.9298245614035088
262,0.11475189003561516,0.17056837077496484,0.9618768328445748,0.9298245614035088
263,0.11457469409977178,0.17035244607278452,0.9618768328445748,0.9298245614035088
264,0.11439838305638873,0.17013743821727687,0.9618768328445748,0.9298245614035088
265,0.11422310094197172,0.16992351299367797,0.9618768328445748,0.9298245614035088
266,0.11404872158584183,0.16971047622748517,0.9618768328445748,0.9298245614035088
267,0.11387503690974948,0.16949843313625607,0.9618768328445748,0.9298245614035088
268,0.11370236686223033,0.16928746439448752,0.9618768328445748,0.9298245614035088
269,0.11353051098205358,0.1690781048824781,0.9618768328445748,0.9298245614035088
270,0.11335967943121115,0.16886977205311338,0.9618768328445748,0.9298245614035088
271,0.11318979827296397,0.1686622141876632,0.9618768328445748,0.9298245614035088
272,0.11302073822325785,0.16845563926731802,0.9618768328445748,0.9298245614035088
273,0.11285264330184461,0.16824989360386175,0.9618768328445748,0.9298245614035088
274,0.11268529782686287,0.16804511510935025,0.9618768328445748,0.9298245614035088
275,0.11251885492698149,0.16784135382625984,0.9618768328445748,0.9298245614035088
276,0.11235322115901203,0.1676384087734839,0.9618768328445748,0.9298245614035088
277,0.1121884178877468,0.16743641063795298,0.9618768328445748,0.9298245614035088
278,0.11202449215893272,0.16723520841032344,0.9618768328445748,0.9298245614035088
279,0.11186130312440014,0.16703493235948502,0.9618768328445748,0.9298245614035088
280,0.11169901359707587,0.16683549944494158,0.9618768328445748,0.9298245614035088
281,0.11153745187718515,0.16663683276302135,0.9618768328445748,0.9298245614035088
282,0.11137676796821219,0.16643741715737267,0.9618768328445748,0.9298245614035088
283,0.1112168970610771,0.16623868338166778,0.9648093841642229,0.9298245614035088
284,0.11105781280299398,0.16604094938164998,0.9648093841642229,0.9298245614035088
285,0.1108995639028138,0.16584397983554186,0.9648093841642229,0.9298245614035088
286,0.11074193053025613,0.16564719420442373,0.9648093841642229,0.9298245614035088
287,0.11058511976142937,0.16544891666785852,0.9648093841642229,0.9298245614035088
288,0.1104290856678482,0.16525131914747462,0.9648093841642229,0.9298245614035088
289,0.11027384933025625,0.16505316034840894,0.9648093841642229,0.9298245614035088
290,0.11011944505557243,0.16485568365188785,0.9648093841642229,0.9298245614035088
291,0.10996591189378749,0.1646594131035988,0.9648093841642229,0.9298245614035088
292,0.1098131771782018,0.16446296015569375,0.9648093841642229,0.9298245614035088
293,0.10966109441617737,0.16426618234359114,0.9648093841642229,0.9298245614035088
294,0.10950979804766722,0.16407010315455975,0.9648093841642229,0.9298245614035088
295,0.10935910202472333,0.16387486534939785,0.9648093841642229,0.9298245614035088
296,0.10920916425085718,0.163680387230409,0.9648093841642229,0.9298245614035088
297,0.10905979578523355,0.1634866007613459,0.9648093841642229,0.9298245614035088
298,0.10891119472511243,0.16329362649123752,0.9648093841642229,0.9298245614035088
299,0.10876319327967288,0.16310122875498217,0.9648093841642229,0.9298245614035088
300,0.10861590706318114,0.16290923234021717,0.9648093841642229,0.9298245614035088
301,0.1084692416174002,0.16271789515658258,0.9648093841642229,0.9298245614035088
302,0.1083232467483688,0.16252734823961906,0.9648093841642229,0.9298245614035088
303,0.1081778937799047,0.16233744705769493,0.9648093841642229,0.9298245614035088
304,0.10803316982148627,0.1621483152730334,0.9648093841642229,0.9298245614035088
305,0.10788912360943775,0.16196107656735753,0.9648093841642229,0.9298245614035088
306,0.1077457701825417,0.16177635133172033,0.9648093841642229,0.9298245614035088
307,0.10760308350206345,0.16159224942164052,0.9648093841642229,0.9298245614035088
308,0.10746095675319832,0.16140890074618794,0.9648093841642229,0.9298245614035088
309,0.10731950475460827,0.16122616505809717,0.9648093841642229,0.9298245614035088
310,0.10717858529590138,0.1610441719169377,0.9648093841642229,0.9298245614035088
311,0.10703834502737608,0.1608627816775745,0.9648093841642229,0.9298245614035088
312,0.10689863671613298,0.1606821457961401,0.9648093841642229,0.9298245614035088
313,0.10675963203097069,0.16050210637909879,0.9648093841642229,0.9298245614035088
314,0.10662120312980347,0.1603228550436401,0.9648093841642229,0.9298245614035088
315,0.10648349005692934,0.16014433839262365,0.9648093841642229,0.9298245614035088
316,0.10634620138666669,0.15996645216379696,0.9648093841642229,0.9298245614035088
317,0.10620920017037123,0.15978920026308618,0.9648093841642229,0.9298245614035088
318,0.10607208366578907,0.15961202412507558,0.9648093841642229,0.9298245614035088
319,0.105935639426382,0.15943541204589085,0.9648093841642229,0.9298245614035088
320,0.10579965398081946,0.1592595067858448,0.9648093841642229,0.9298245614035088
321,0.10566432486704408,0.15908415650898086,0.9648093841642229,0.9298245614035088
322,0.10552944026691569,0.15890948912871253,0.9648093841642229,0.9298245614035088
323,0.10539519683887837,0.1587348747212142,0.9648093841642229,0.9298245614035088
324,0.10526139632399456,0.15855919702014842,0.9648093841642229,0.9298245614035088
325,0.10512822146695665,0.15838406757921683,0.9648093841642229,0.9298245614035088
326,0.10499546280672988,0.15820961737335612,0.9648093841642229,0.9298245614035088
327,0.10486316879469756,0.15803562062112075,0.9648093841642229,0.9298245614035088
328,0.10473131620848543,0.15786229153418105,0.9648093841642229,0.9298245614035088
329,0.10460007309563082,0.15768949429395357,0.9648093841642229,0.9298245614035088
330,0.10446923451688464,0.15751734991217184,0.9648093841642229,0.9298245614035088
331,0.10433901882989349,0.15734572962369767,0.9648093841642229,0.9298245614035088
332,0.10420919492609408,0.15717476291188662,0.9648093841642229,0.9298245614035088
333,0.10408006409377495,0.1570043776489079,0.9648093841642229,0.9298245614035088
334,0.10395130302418999,0.15683452669305115,0.9648093841642229,0.9298245614035088
335,0.10382315714477341,0.15666544435829183,0.9648093841642229,0.9298245614035088
336,0.10369538383000791,0.15649683186374092,0.9648093841642229,0.9298245614035088
337,0.10356818083070553,0.15632885924567141,0.9648093841642229,0.9298245614035088
338,0.10344138671590222,0.15616138976762903,0.9648093841642229,0.9298245614035088
339,0.10331513065221959,0.1559946173668977,0.9648093841642229,0.9298245614035088
340,0.10318930387832982,0.15582832323130685,0.9648093841642229,0.9298245614035088
341,0.1030640622109337,0.15566266190246275,0.9648093841642229,0.9298245614035088
342,0.10293928877578826,0.15549743286747303,0.9648093841642229,0.9298245614035088
343,0.10281498798208483,0.15533282101463294,0.9648093841642229,0.9298245614035088
344,0.10269114877442799,0.15516867205245702,0.9648093841642229,0.9298245614035088
345,0.10256776616378861,0.15500514031849852,0.9648093841642229,0.9298245614035088
346,0.10244484402567355,0.15484207877123132,0.9648093841642229,0.9298245614035088
347,0.10232237654822761,0.15467959430929354,0.9648093841642229,0.9298245614035088
348,0.10220036731970915,0.15451770300835738,0.9648093841642229,0.9298245614035088
349,0.10207884732215357,0.15435640111209065,0.9648093841642229,0.9298245614035088
350,0.10195770477238741,0.15419551674329776,0.9648093841642229,0.9298245614035088
351,0.10183707508155775,0.15403511727608066,0.9648093841642229,0.9298245614035088
352,0.10171678828867374,0.15387519673263425,0.9648093841642229,0.9298245614035088
353,0.10159702103900708,0.15371522170260246,0.9648093841642229,0.9298245614035088
354,0.10147767402845209,0.15355543821428527,0.9648093841642229,0.9298245614035088
355,0.10135901089273695,0.15339611595437197,0.9648093841642229,0.9298245614035088
356,0.1012406543112205,0.15323737673721077,0.9648093841642229,0.9298245614035088
357,0.10112319346569003,0.15307926916763995,0.9648093841642229,0.9298245614035088
358,0.10100604276644032,0.15292173534897416,0.9648093841642229,0.9298245614035088
359,0.10088945020762682,0.15276470677262738,0.9648093841642229,0.9298245614035088
360,0.10077317282413897,0.15260821002431327,0.9648093841642229,0.9298245614035088
361,0.10065716395907924,0.15245187052892195,0.9648093841642229,0.9385964912280702
362,0.10054227883856465,0.15229695257898085,0.9648093841642229,0.9385964912280702
363,0.10042763440627767,0.1521424516077725,0.9648093841642229,0.9385964912280702
364,0.1003130736987086,0.1519885232686871,0.9648093841642229,0.9385964912280702
365,0.10019856334847142,0.15183564987541537,0.9648093841642229,0.9385964912280702
366,0.10008322538529787,0.15168318510942083,0.9648093841642229,0.9385964912280702
367,0.09996821464112396,0.1515310900105168,0.9648093841642229,0.9385964912280702
368,0.0998536317312567,0.1513795374421188,0.9648093841642229,0.9385964912280702
369,0.09973946937406153,0.1512283668452127,0.9648093841642229,0.9385964912280702
370,0.09962571536410862,0.15107777339527464,0.9648093841642229,0.9385964912280702
371,0.09951194627312808,0.15092744101110506,0.9648093841642229,0.9385964912280702
372,0.09939877365993723,0.15077753176344597,0.9648093841642229,0.9385964912280702
373,0.09928599631862706,0.15062810692685655,0.9648093841642229,0.9385964912280702
374,0.09917376946807982,0.15047904511660973,0.9648093841642229,0.9385964912280702
375,0.09906174830314705,0.15033044741608087,0.9648093841642229,0.9385964912280702
376,0.09895021519416147,0.15018112248528093,0.9648093841642229,0.9385964912280702
377,0.0988389619085111,0.1500304305902845,0.9648093841642229,0.9385964912280702
378,0.09872811474107081,0.1498801251919898,0.9648093841642229,0.9385964912280702
379,0.09861786215477963,0.14973037932279182,0.9648093841642229,0.9385964912280702
380,0.09850789465721761,0.14958101397318754,0.9648093841642229,0.9385964912280702
381,0.09839834370815938,0.14943216092862968,0.9648093841642229,0.9385964912280702
382,0.0982891612172291,0.14928364134967204,0.9648093841642229,0.9385964912280702
383,0.09818035792735692,0.14913547303830368,0.9648093841642229,0.9385964912280702
384,0.09807188413935068,0.14898758828606698,0.9648093841642229,0.9385964912280702
385,0.09796384351267504,0.1488401650094567,0.9648093841642229,0.9385964912280702
386,0.09785598681319496,0.148693115453971,0.9648093841642229,0.9385964912280702
387,0.09774860809339639,0.14854638193153444,0.9648093841642229,0.9385964912280702
388,0.09764141282678374,0.14840008687679163,0.9648093841642229,0.9385964912280702
389,0.09753461989092752,0.1482541608496695,0.9648093841642229,0.9385964912280702
390,0.0974281670478096,0.14810825104723874,0.9648093841642229,0.9385964912280702
391,0.09732203956858058,0.14796211494853753,0.9648093841642229,0.9385964912280702
392,0.09721609286243668,0.14781648549553436,0.9648093841642229,0.9385964912280702
393,0.09710933320993492,0.14766950907575838,0.9648093841642229,0.9385964912280702
394,0.09700182382925006,0.14752079967921872,0.9648093841642229,0.9385964912280702
395,0.09689462984486741,0.14737245706270605,0.9648093841642229,0.9385964912280702
396,0.09678785773808887,0.14722457363748812,0.9648093841642229,0.9385964912280702
397,0.09668132271434848,0.14707678478720956,0.9648093841642229,0.9385964912280702
398,0.09657519569247092,0.14692941639866014,0.9648093841642229,0.9385964912280702
399,0.09646937768842954,0.14678236396125874,0.967741935483871,0.9385964912280702
400,0.09636391687362686,0.14663581419103902,0.967741935483871,0.9385964912280702
401,0.09625875250044134,0.14648960624840732,0.967741935483871,0.9385964912280702
402,0.09615412128927357,0.14634415513433438,0.967741935483871,0.9385964912280702
403,0.09604966369192716,0.14619919756489408,0.967741935483871,0.9385964912280702
404,0.09594561137447033,0.1460545952712853,0.9706744868035191,0.9385964912280702
405,0.09584187856378336,0.1459104262111789,0.9706744868035191,0.9385964912280702
406,0.09573842722764854,0.14576661333025281,0.9706744868035191,0.9385964912280702
407,0.09563542754165276,0.14562324907905727,0.9706744868035191,0.9385964912280702
408,0.09553291810926322,0.14548024765128229,0.9706744868035191,0.9385964912280702
409,0.09543101837012503,0.14533779889073123,0.9706744868035191,0.9385964912280702
410,0.09532938303117434,0.1451956587979804,0.9706744868035191,0.9385964912280702
411,0.0952281766061916,0.14505392888604984,0.9706744868035191,0.9385964912280702
412,0.09512712062342744,0.14491253498467793,0.9706744868035191,0.9385964912280702
413,0.09502649666600836,0.14477147970055368,0.9706744868035191,0.9385964912280702
414,0.09492627638014219,0.14463084956578814,0.9706744868035191,0.9385964912280702
415,0.0948264769041802,0.14449082383466466,0.9706744868035191,0.9385964912280702
416,0.09472701818873291,0.14435124065201596,0.9706744868035191,0.9473684210526315
417,0.09462806020124338,0.14421220569544982,0.9706744868035191,0.9473684210526315
418,0.09452945628250915,0.1440736452014096,0.9706744868035191,0.9473684210526315
419,0.0944321203322239,0.14393621613817606,0.9706744868035191,0.9473684210526315
420,0.09433511136066508,0.14379950636282438,0.9706744868035191,0.9473684210526315
421,0.09423769807884617,0.14366235084249634,0.9706744868035191,0.9473684210526315
422,0.09414047204606767,0.14352551536843344,0.9706744868035191,0.9473684210526315
423,0.09404349302060296,0.1433889511900764,0.9736070381231672,0.9473684210526315
424,0.09394682530029774,0.14325283447393036,0.9736070381231672,0.9473684210526315
425,0.0938504274544347,0.14311702313903038,0.9736070381231672,0.9473684210526315
426,0.09375444883317541,0.14298167135321044,0.9736070381231672,0.9473684210526315
427,0.09365860042431445,0.14284663119288776,0.9736070381231672,0.9473684210526315
428,0.09356329157598456,0.14271197778209366,0.9736070381231672,0.9473684210526315
429,0.09346826488365297,0.14257788988432446,0.9736070381231672,0.9473684210526315
430,0.09337356452992321,0.14244391866118397,0.9736070381231672,0.9473684210526315
431,0.09327916750348836,0.1423102133682642,0.9736070381231672,0.9473684210526315
432,0.09318500790364574,0.14217676289448847,0.9736070381231672,0.9473684210526315
433,0.09309109902004528,0.1420437461183753,0.9736070381231672,0.9473684210526315
434,0.09299753675200763,0.14191098070874272,0.9736070381231672,0.9473684210526315
435,0.09290445124971737,0.1417786722187811,0.9736070381231672,0.9473684210526315
436,0.09281160840876831,0.14164663475513967,0.9736070381231672,0.9473684210526315
437,0.09271913417181174,0.141514953456893,0.9736070381231672,0.9473684210526315
438,0.09262677866340463,0.14138355918724588,0.9736070381231672,0.9473684210526315
439,0.09253481033050483,0.14125256608032136,0.9736070381231672,0.9473684210526315
440,0.09244302478802643,0.14112181500079993,0.9736070381231672,0.9473684210526315
441,0.09235146475248358,0.14099097518211134,0.9736070381231672,0.9473684210526315
442,0.09226012862690092,0.14086021577044597,0.9736070381231672,0.9473684210526315
443,0.09216912243490158,0.14072974435625785,0.9736070381231672,0.9473684210526315
444,0.09207833313149792,0.14059970329745564,0.9736070381231672,0.9473684210526315
445,0.09198784454536629,0.14046997354484098,0.9736070381231672,0.9473684210526315
446,0.09189726479302296,0.1403405569091106,0.9736070381231672,0.9473684210526315
447,0.09180641122845742,0.14021040305972263,0.9736070381231672,0.9473684210526315
448,0.09171590564077166,0.14008059569244682,0.9736070381231672,0.9473684210526315
449,0.09162554047823468,0.1399511746077697,0.9736070381231672,0.9473684210526315
450,0.09153550150020459,0.13982220057346575,0.9736070381231672,0.9473684210526315
451,0.09144565637301552,0.13969358040817592,0.9736070381231672,0.9473684210526315
452,0.09135613506500165,0.13956525649866394,0.9736070381231672,0.9473684210526315
453,0.09126676127520973,0.13943729679935354,0.9736070381231672,0.9473684210526315
454,0.0911776600002274,0.13930957060403043,0.9736070381231672,0.9473684210526315
455,0.09108893512806406,0.13918216378567294,0.9736070381231672,0.9473684210526315
456,0.09100076411143258,0.13905514151913287,0.9736070381231672,0.9473684210526315
457,0.09091290062889601,0.1389284495382232,0.9736070381231672,0.9473684210526315
458,0.09082522929217143,0.1388020350917245,0.9736070381231672,0.9473684210526315
459,0.09073784180073229,0.13867596622626244,0.9736070381231672,0.9473684210526315
460,0.09065061584062876,0.13855019373124047,0.9736070381231672,0.9473684210526315
461,0.09056373946833762,0.1384247162267475,0.9736070381231672,0.9473684210526315
462,0.09047697812923236,0.13829948309873363,0.9736070381231672,0.9473684210526315
463,0.09039049183338042,0.13817438121441408,0.9736070381231672,0.9473684210526315
464,0.09030422714072642,0.13804956142579922,0.9736070381231672,0.9473684210526315
465,0.09021762201944282,0.1379250406435143,0.9736070381231672,0.9473684210526315
466,0.0901304883364779,0.13779877748050237,0.9736070381231672,0.9473684210526315
467,0.09004358904578606,0.13767288101473382,0.9765395894428153,0.9473684210526315
468,0.08995694490369706,0.1375472286652994,0.9765395894428153,0.9473684210526315
469,0.0898704385365384,0.13742190153918077,0.9765395894428153,0.9473684210526315
470,0.0897842977398151,0.13729697519015127,0.9765395894428153,0.9473684210526315
471,0.0896982529327327,0.13717225831791535,0.9765395894428153,0.9473684210526315
472,0.08961232088915716,0.137047740135976,0.9765395894428153,0.9473684210526315
473,0.08952668035484179,0.13692345534048653,0.9765395894428153,0.9473684210526315
474,0.08944120974474071,0.13679945337361887,0.9765395894428153,0.9473684210526315
475,0.08935601645593959,0.13667588391931532,0.9765395894428153,0.9473684210526315
476,0.08927099773221181,0.1365526686024898,0.9765395894428153,0.9473684210526315
477,0.0891862878292094,0.13642984575449918,0.9765395894428153,0.9473684210526315
478,0.08910168622724439,0.13630727286500674,0.9765395894428153,0.9473684210526315
479,0.08901736216419705,0.13618498655945663,0.9765395894428153,0.9473684210526315
480,0.08893333065914487,0.13606304813895068,0.9765395894428153,0.9473684210526315
481,0.088849443395809,0.13594131971779994,0.9765395894428153,0.9473684210526315
482,0.0887658259247576,0.13581997403711638,0.9765395894428153,0.9473684210526315
483,0.0886824106843279,0.1356988129595012,0.9765395894428153,0.9473684210526315
484,0.08859925201452028,0.13557792229212948,0.9765395894428153,0.9473684210526315
485,0.0885162146555683,0.13545745258648864,0.9765395894428153,0.9473684210526315
486,0.08843348555827082,0.13533718101565856,0.9765395894428153,0.9473684210526315
487,0.08835093826208111,0.13521718585582734,0.9765395894428153,0.9473684210526315
488,0.08826856646401093,0.1350975823883102,0.9765395894428153,0.9473684210526315
489,0.08818645647247832,0.13497818028333267,0.9765395894428153,0.9473684210526315
490,0.08810453122062252,0.13485892975777133,0.9765395894428153,0.9473684210526315
491,0.08802285085511437,0.13474008496200002,0.9765395894428153,0.9473684210526315
492,0.0879412853910069,0.1346214398731464,0.9765395894428153,0.9473684210526315
493,0.08786004148103385,0.1345031675201042,0.9765395894428153,0.9473684210526315
494,0.08777885478016499,0.13438506546173254,0.9765395894428153,0.9473684210526315
495,0.08769774093206865,0.1342670989965632,0.9765395894428153,0.9473684210526315
496,0.08761688636406623,0.1341494830169743,0.9765395894428153,0.9473684210526315
497,0.08753617735645641,0.13403217070720652,0.9765395894428153,0.9473684210526315
498,0.08745572542304149,0.1339153997055739,0.9765395894428153,0.9473684210526315
499,0.08737538704833601,0.13379880285598947,0.9765395894428153,0.9473684210526315
500,0.08729559876034461,0.13368250087632824,0.9765395894428153,0.9473684210526315
501,0.08721643785703831,0.1335675698267334,0.9765395894428153,0.9473684210526315
502,0.08713742008391102,0.13345290854944716,0.9765395894428153,0.9473684210526315
503,0.08705870948913581,0.13333853404067103,0.9765395894428153,0.9473684210526315
504,0.08698009900369709,0.13322447279445868,0.9765395894428153,0.9473684210526315
505,0.08690171112680947,0.13311062769150026,0.9765395894428153,0.9473684210526315
506,0.08682349633578136,0.1329971172972297,0.9765395894428153,0.9473684210526315
507,0.0867455041762103,0.13288377312028607,0.9765395894428153,0.9473684210526315
508,0.08666772076976176,0.13277079913024847,0.9765395894428153,0.9473684210526315
509,0.08659004781343645,0.13265801947665715,0.9765395894428153,0.9473684210526315
510,0.08651266026538185,0.13254553254450027,0.9765395894428153,0.9473684210526315
511,0.08643484040109642,0.13243332373925037,0.9765395894428153,0.9473684210526315
512,0.0863559237023794,0.13232008488269817,0.9765395894428153,0.9473684210526315
513,0.08627731558068114,0.1322071751229241,0.9765395894428153,0.9473684210526315
514,0.08619882299705295,0.13209454933069642,0.9765395894428153,0.9473684210526315
515,0.08612043895710222,0.1319821690509864,0.9765395894428153,0.9473684210526315
516,0.08604178145240221,0.13186958979709154,0.9765395894428153,0.9473684210526315
517,0.08596326433822461,0.1317572918626935,0.9765395894428153,0.9473684210526315
518,0.08588500949068757,0.13164526049492334,0.9765395894428153,0.9473684210526315
519,0.08580692294572921,0.13153348005522175,0.9765395894428153,0.9473684210526315
520,0.08572898925579592,0.1314219345805267,0.9765395894428153,0.9473684210526315
521,0.08565127602669079,0.13131067109184102,0.9765395894428153,0.9473684210526315
522,0.08557368965215444,0.1311996729650258,0.9765395894428153,0.9473684210526315
523,0.08549635804037688,0.13108893237917776,0.9765395894428153,0.9473684210526315
524,0.08541920051805303,0.13097840483810771,0.9765395894428153,0.9473684210526315
525,0.08534218015315514,0.13086818400938482,0.9765395894428153,0.9473684210526315
526,0.08526544106933462,0.13075828731236666,0.9765395894428153,0.9473684210526315
527,0.08518874046979537,0.1306486585247944,0.9765395894428153,0.9473684210526315
528,0.08511228540423965,0.13053928720420357,0.9765395894428153,0.9473684210526315
529,0.08503592780651754,0.13043012712855298,0.9765395894428153,0.9473684210526315
530,0.08495951865764755,0.1303210528272425,0.9765395894428153,0.9473684210526315
531,0.0848833607221785,0.13021223579685165,0.9765395894428153,0.9473684210526315
532,0.08480732897198485,0.13010365835308646,0.9765395894428153,0.9473684210526315
533,0.08473151649591038,0.1299953477223813,0.9765395894428153,0.9473684210526315
534,0.08465590644925189,0.12988723862763651,0.9765395894428153,0.9473684210526315
535,0.08458039856740018,0.12977942802922574,0.9765395894428153,0.9473684210526315
536,0.08450510874340496,0.12967186803272407,0.9765395894428153,0.9473684210526315
537,0.08442999524182675,0.1295645435625794,0.9765395894428153,0.9473684210526315
538,0.08435505247744841,0.12945744687799263,0.9765395894428153,0.9385964912280702
539,0.08428031491249784,0.12935063128028865,0.9765395894428153,0.9385964912280702
540,0.0842056894847249,0.12924406629540475,0.9765395894428153,0.9385964912280702
541,0.08413126172516164,0.12913774260331906,0.9765395894428153,0.9385964912280702
542,0.08405706660845776,0.1290317967512033,0.9765395894428153,0.9385964912280702
543,0.08398298848689133,0.1289260742172931,0.9765395894428153,0.9385964912280702
544,0.08390905178181662,0.12882061032627543,0.9765395894428153,0.9385964912280702
545,0.08383530486026823,0.1287153757186987,0.9765395894428153,0.9385964912280702
546,0.08376167880759203,0.12861039697049848,0.9794721407624634,0.9385964912280702
547,0.0836882796447026,0.12850565771901068,0.9794721407624634,0.9385964912280702
548,0.0836150554775763,0.12840111029520188,0.9794721407624634,0.9385964912280702
549,0.08354193875113355,0.1282968321559633,0.9794721407624634,0.9385964912280702
550,0.083469038412758,0.12819280075242237,0.9794721407624634,0.9385964912280702
551,0.08339625770670327,0.12808897934880947,0.9794721407624634,0.9385964912280702
552,0.08332362360050088,0.1279853861970346,0.9794721407624634,0.9385964912280702
553,0.08325122650041362,0.12788168411973583,0.9794721407624634,0.9385964912280702
554,0.08317889990990913,0.12777822493873217,0.9794721407624634,0.9385964912280702
555,0.0831067771283549,0.12767506552856753,0.9794721407624634,0.9385964912280702
556,0.08303500887588612,0.12757216822592482,0.9794721407624634,0.9385964912280702
557,0.08296334586154341,0.12746960846561267,0.9794721407624634,0.9385964912280702
558,0.08289191573021705,0.12736736829230172,0.9794721407624634,0.9385964912280702
559,0.08282064974604009,0.12726533833400755,0.9794721407624634,0.9385964912280702
560,0.08274948768861728,0.12716356252955663,0.9794721407624634,0.9385964912280702
561,0.08267851232230747,0.12706201865587238,0.9794721407624634,0.9385964912280702
562,0.08260756317875896,0.12696065164328665,0.9794721407624634,0.9385964912280702
563,0.0825367524125487,0.12685949676592775,0.9794721407624634,0.9385964912280702
564,0.08246609081720356,0.12675861129784435,0.9794721407624634,0.9385964912280702
565,0.08239558242893766,0.12665794166829372,0.9794721407624634,0.9385964912280702
566,0.08232516818771635,0.12655749719240655,0.9794721407624634,0.9385964912280702
567,0.08225496014179576,0.12645723830942293,0.9794721407624634,0.9385964912280702
568,0.08218490987566773,0.12635716185935267,0.9794721407624634,0.9385964912280702
569,0.0821149554300269,0.12625735516752734,0.9794721407624634,0.9385964912280702
570,0.08204523547543262,0.12615777414543727,0.9794721407624634,0.9473684210526315
571,0.08197580330304972,0.12605842330481448,0.9794721407624634,0.9473684210526315
572,0.08190673303045051,0.12595940621509227,0.9794721407624634,0.9473684210526315
573,0.08183790024388968,0.12586063452308208,0.9794721407624634,0.9473684210526315
574,0.08176911409088455,0.12576206577034338,0.9794721407624634,0.9473684210526315
575,0.08170049584668994,0.1256637412892034,0.9794721407624634,0.9473684210526315
576,0.08163203732956383,0.12556562288730705,0.9794721407624634,0.9473684210526315
577,0.08156368497373785,0.12546773522131363,0.9794721407624634,0.9473684210526315
578,0.08149556237984087,0.12537000982952248,0.9794721407624634,0.9473684210526315
579,0.08142754344595755,0.12527151429426783,0.9794721407624634,0.9473684210526315
580,0.08135963907702304,0.12517328083158819,0.9794721407624634,0.9473684210526315
581,0.08129196575694357,0.12507525191189925,0.9794721407624634,0.9473684210526315
582,0.08122438368762815,0.1249774717564382,0.9794721407624634,0.9473684210526315
583,0.08115697721221166,0.12487995310659569,0.9794721407624634,0.9473684210526315
584,0.08108976712801488,0.12478260371964653,0.9794721407624634,0.9473684210526315
585,0.08102261905090871,0.12468551242415593,0.9794721407624634,0.9473684210526315
586,0.08095565831620483,0.12458863448905323,0.9824046920821115,0.9473684210526315
587,0.08088882686526663,0.12449212352665208,0.9824046920821115,0.9473684210526315
588,0.08082199964811863,0.12439599009832718,0.9824046920821115,0.9473684210526315
589,0.08075540591253438,0.12430005709577571,0.9824046920821115,0.9473684210526315
590,0.08068888930767079,0.12420428863080374,0.9824046920821115,0.9473684210526315
591,0.08062249489535654,0.1241087795715898,0.9824046920821115,0.9473684210526315
592,0.08055630909020357,0.12401357682137089,0.9824046920821115,0.9473684210526315
593,0.08049019856736836,0.12391859438441086,0.9824046920821115,0.9473684210526315
594,0.08042424940448055,0.12382378574973055,0.9824046920821115,0.9473684210526315
595,0.08035849881018631,0.12372917443296393,0.9824046920821115,0.9473684210526315
596,0.08029280268778177,0.12363481140605048,0.9824046920821115,0.9473684210526315
597,0.08022731409332613,0.12354065430034561,0.9824046920821115,0.9473684210526315
598,0.08016217755359913,0.12344656275261404,0.9824046920821115,0.9473684210526315
599,0.08009718416584125,0.12335282535037602,0.9824046920821115,0.9473684210526315
600,0.08003238350529496,0.12325928952914922,0.9824046920821115,0.9473684210526315
601,0.07996755627850265,0.1231659112217272,0.9824046920821115,0.9473684210526315
602,0.0799019110119531,0.12307070842067501,0.9824046920821115,0.9473684210526315
603,0.07983646149718474,0.12297572518439304,0.9824046920821115,0.9473684210526315
604,0.07977115451735926,0.12288081488358774,0.9824046920821115,0.9473684210526315
605,0.07970592877116925,0.12278624565533063,0.9824046920821115,0.9473684210526315
606,0.07964094012362154,0.12269188347932504,0.9824046920821115,0.9473684210526315
607,0.07957606674304607,0.12259763200054881,0.9824046920821115,0.9473684210526315
608,0.07951130699601398,0.12250371812840634,0.9824046920821115,0.9473684210526315
609,0.07944673518926627,0.12240988798972204,0.9824046920821115,0.9473684210526315
610,0.07938225305109992,0.12231637009636114,0.9824046920821115,0.9473684210526315
611,0.07931789784352483,0.12222307597701648,0.9824046920821115,0.9473684210526315
612,0.07925374262829044,0.12212986363604872,0.9824046920821115,0.9473684210526315
613,0.07918967105384904,0.12203696166929467,0.9824046920821115,0.9473684210526315
614,0.07912571427773785,0.1219441531545997,0.9824046920821115,0.9473684210526315
615,0.07906191446156674,0.12185166342898483,0.9824046920821115,0.9473684210526315
616,0.07899823551448656,0.12175935921239173,0.9824046920821115,0.9473684210526315
617,0.0789346556383081,0.12166716167809145,0.9824046920821115,0.9473684210526315
618,0.07887126924461375,0.12157521748527461,0.9824046920821115,0.9473684210526315
619,0.07880799649729335,0.12148337281310928,0.9824046920821115,0.9473684210526315
620,0.07874484455023255,0.12139179666066852,0.9824046920821115,0.9473684210526315
621,0.07868187077534165,0.1213004181318258,0.9824046920821115,0.9473684210526315
622,0.07861900465094065,0.12120913600504236,0.9824046920821115,0.9473684210526315
623,0.07855622125513681,0.12111814986058252,0.9824046920821115,0.9473684210526315
624,0.07849361515630862,0.12102748357921547,0.9824046920821115,0.9473684210526315
625,0.07843107819306078,0.12093735962341885,0.9824046920821115,0.9473684210526315
626,0.07836862864843924,0.12084744988933976,0.9824046920821115,0.9473684210526315
627,0.0783063443565181,0.12075769691011035,0.9824046920821115,0.9473684210526315
628,0.0782441840067691,0.12066813875834982,0.9824046920821115,0.9473684210526315
629,0.0781821111371848,0.12057873071608234,0.9824046920821115,0.9473684210526315
630,0.07812019425319332,0.12048952484794645,0.9824046920821115,0.9473684210526315
631,0.07805846872482015,0.12040050311354768,0.9824046920821115,0.9473684210526315
632,0.07799682909286346,0.12031160234534391,0.9824046920821115,0.9473684210526315
633,0.0779353202567219,0.12022293266300085,0.9824046920821115,0.9473684210526315
634,0.07787399757806762,0.12013414688478428,0.9824046920821115,0.9473684210526315
635,0.07781271986349356,0.12004487541576177,0.9824046920821115,0.9473684210526315
636,0.07775160767811526,0.11995589754983677,0.9824046920821115,0.9473684210526315
637,0.0776906357324309,0.11986691385021066,0.9824046920821115,0.9473684210526315
638,0.07762977318093614,0.11977826678146271,0.9824046920821115,0.9473684210526315
639,0.07756917898161302,0.11968979117404331,0.9824046920821115,0.9473684210526315
640,0.07750874898091284,0.11960162878382145,0.9824046920821115,0.9473684210526315
641,0.07744840608718487,0.11951365976159758,0.9824046920821115,0.9473684210526315
642,0.0773881815572775,0.1194257108896259,0.9824046920821115,0.9473684210526315
643,0.07732810287737832,0.1193380770442122,0.9824046920821115,0.9473684210526315
644,0.07726805957852376,0.11925055037226011,0.9824046920821115,0.9473684210526315
645,0.07720819766393704,0.1191631771624441,0.9824046920821115,0.9473684210526315
646,0.07714849390627511,0.11907607054944294,0.9824046920821115,0.9473684210526315
647,0.07708889660123068,0.11898904361938857,0.9824046920821115,0.9473684210526315
648,0.07702940312019411,0.1189023445765834,0.9824046920821115,0.9473684210526315
649,0.0769700841896926,0.11881579452694943,0.9824046920821115,0.9473684210526315
650,0.07691084055435975,0.11872930900142244,0.9824046920821115,0.9473684210526315
651,0.07685173620041866,0.11864314520903087,0.9824046920821115,0.9473684210526315
652,0.076792811852624,0.11855705164186517,0.9824046920821115,0.9473684210526315
653,0.07673399257452417,0.11847128897761863,0.9824046920821115,0.9473684210526315
654,0.07667527270118324,0.11838567736338208,0.9824046920821115,0.9473684210526315
655,0.07661670411633377,0.11830007301574702,0.9824046920821115,0.9473684210526315
656,0.07655824340311569,0.1182148060285729,0.9824046920821115,0.9473684210526315
657,0.0764998637296693,0.11812972344947918,0.9824046920821115,0.9473684210526315
658,0.07644159302505792,0.11804467884199253,0.9824046920821115,0.9473684210526315
659,0.0763832917850773,0.1179599148979921,0.9824046920821115,0.9473684210526315
660,0.07632474688629165,0.11787448621554787,0.9824046920821115,0.9473684210526315
661,0.07626632412406002,0.11778937573109209,0.9824046920821115,0.9473684210526315
662,0.07620805550379774,0.1177044126799719,0.9824046920821115,0.9473684210526315
663,0.07614985973210842,0.1176195106579914,0.9824046920821115,0.9473684210526315
664,0.07609175889834557,0.11753491528586994,0.9824046920821115,0.9473684210526315
665,0.0760338203464563,0.11745051646743104,0.9824046920821115,0.9473684210526315
666,0.07597598678233314,0.11736614800088611,0.9824046920821115,0.9473684210526315
667,0.07591825008152772,0.11728208586765769,0.9824046920821115,0.9473684210526315
668,0.07586066555502902,0.11719818965343352,0.9824046920821115,0.9473684210526315
669,0.0758031807031513,0.11711435301847735,0.9824046920821115,0.9473684210526315
670,0.07574577791213284,0.11703083819320526,0.9824046920821115,0.9473684210526315
671,0.07568860469206477,0.1169471689563263,0.9824046920821115,0.9473684210526315
672,0.07563156019621291,0.11686359166038797,0.9824046920821115,0.9473684210526315
673,0.07557456332075367,0.11678033682769134,0.9824046920821115,0.9473684210526315
674,0.07551765094631238,0.11669716989803737,0.9824046920821115,0.9473684210526315
675,0.07546087152710401,0.11661425950885418,0.9824046920821115,0.9473684210526315
676,0.07540419325402895,0.11653154811607483,0.9824046920821115,0.9473684210526315
677,0.0753476702914899,0.11644901969411069,0.9824046920821115,0.9473684210526315
678,0.0752913040781588,0.11636687885001214,0.9824046920821115,0.9473684210526315
679,0.0752350916883619,0.11628490139860981,0.9824046920821115,0.9473684210526315
680,0.07517894741881274,0.11620294642392022,0.9824046920821115,0.9473684210526315
681,0.07512292185080792,0.11612130086574735,0.9824046920821115,0.9473684210526315
682,0.07506704910675135,0.11603978867672293,0.9824046920821115,0.9473684210526315
683,0.0750112318221827,0.11595832775968688,0.9824046920821115,0.9473684210526315
684,0.07495551370426055,0.115877182593678,0.9824046920821115,0.9473684210526315
685,0.07489993006275361,0.11579620905033089,0.9824046920821115,0.9473684210526315
686,0.07484407134859442,0.1157138408785025,0.9824046920821115,0.9473684210526315
687,0.074788281573601,0.11563179428090774,0.9824046920821115,0.9473684210526315
688,0.07473262233013045,0.11554990478203532,0.9824046920821115,0.9473684210526315
689,0.07467711184379054,0.11546803497416394,0.9824046920821115,0.9473684210526315
690,0.07462163864767304,0.1153865093567578,0.9824046920821115,0.9473684210526315
691,0.07456628520754593,0.11530515827357227,0.9824046920821115,0.9473684210526315
692,0.07451104870526212,0.11522384003146037,0.9824046920821115,0.9473684210526315
693,0.07445591869808584,0.1151428279176999,0.9824046920821115,0.9473684210526315
694,0.07440093527771661,0.11506185707222152,0.9824046920821115,0.9473684210526315
695,0.0743464473876163,0.1149814870366861,0.9824046920821115,0.9473684210526315
696,0.07429230869552102,0.11490137485474074,0.9824046920821115,0.9473684210526315
697,0.07423820303433736,0.11482098672422317,0.9824046920821115,0.9473684210526315
698,0.07418418273636805,0.11474097831934255,0.9824046920821115,0.9473684210526315
699,0.07413028772258659,0.11466113678986885,0.9824046920821115,0.9473684210526315
700,0.0740765082210503,0.1145814584613063,0.9824046920821115,0.9473684210526315
701,0.07402277009712911,0.11450178842641748,0.9824046920821115,0.9473684210526315
702,0.07396912571932154,0.11442253906975211,0.9824046920821115,0.9473684210526315
703,0.07391561913521051,0.11434341606321098,0.9824046920821115,0.9473684210526315
704,0.07386215541664475,0.11426432770369355,0.9824046920821115,0.9473684210526315
705,0.07380878214933856,0.11418557566729079,0.9824046920821115,0.9473684210526315
706,0.07375553165806402,0.11410699029111013,0.9824046920821115,0.9473684210526315
707,0.07370240921754309,0.11402840514087055,0.9824046920821115,0.9473684210526315
708,0.07364936934451433,0.11395017247688474,0.9824046920821115,0.9473684210526315
709,0.07359642425616558,0.113872064104342,0.9824046920821115,0.9473684210526315
710,0.07354360528507203,0.11379400614830369,0.9824046920821115,0.9473684210526315
711,0.07349085361267349,0.11371627818611979,0.9824046920821115,0.9473684210526315
712,0.07343818159504527,0.11363872081147883,0.9824046920821115,0.9473684210526315
713,0.07338561668293801,0.11356132053014503,0.9824046920821115,0.9473684210526315
714,0.0733331819528291,0.11348388737620878,0.9824046920821115,0.9473684210526315
715,0.07328080643006253,0.11340674714379248,0.9824046920821115,0.9473684210526315
716,0.07322850663295141,0.11332980432455778,0.9824046920821115,0.9473684210526315
717,0.0731763185328187,0.11325285574196757,0.9824046920821115,0.9473684210526315
718,0.07312423042527579,0.11317622726234364,0.9824046920821115,0.9473684210526315
719,0.07307220594828277,0.1130997634738199,0.9824046920821115,0.9473684210526315
720,0.07302051686138261,0.11302329249248658,0.9824046920821115,0.9473684210526315
721,0.07296976950953572,0.11294829350090842,0.9824046920821115,0.9473684210526315
722,0.07291907277524234,0.11287340117287724,0.9824046920821115,0.9473684210526315
723,0.07286845355707755,0.1127986976509597,0.9824046920821115,0.9473684210526315
724,0.07281792146932603,0.11272396158334382,0.9824046920821115,0.9473684210526315
725,0.07276751932673897,0.11264954455754546,0.9824046920821115,0.9473684210526315
726,0.07271716089202535,0.11257527232341068,0.9824046920821115,0.9473684210526315
727,0.07266691952516348,0.11250115508188376,0.9824046920821115,0.9473684210526315
728,0.072616788884959,0.11242701336998692,0.9824046920821115,0.9473684210526315
729,0.07256675441061398,0.11235322046500003,0.9824046920821115,0.9473684210526315
730,0.07251676754928708,0.11227958071798472,0.9824046920821115,0.9473684210526315
731,0.07246684668470935,0.11220590887065529,0.9824046920821115,0.9473684210526315
732,0.07241700813799566,0.11213252521172856,0.9824046920821115,0.9473684210526315
733,0.07236725928228428,0.11205928379641944,0.9824046920821115,0.9473684210526315
734,0.07231760049901177,0.1119861941692109,0.9824046920821115,0.9473684210526315
735,0.07226801501318138,0.1119130442432021,0.9824046920821115,0.9473684210526315
736,0.0722185253020792,0.11184014652497164,0.9824046920821115,0.9473684210526315
737,0.07216927018007888,0.11176802054687955,0.9824046920821115,0.9473684210526315
738,0.07212000154546598,0.11169539363506861,0.9824046920821115,0.9473684210526315
739,0.07207081877141215,0.11162361467495811,0.9824046920821115,0.9473684210526315
740,0.07202172569883625,0.11155197625464475,0.9824046920821115,0.9473684210526315
741,0.07197271283781409,0.11148048369648847,0.9824046920821115,0.9473684210526315
742,0.07192379557072114,0.11140896381700086,0.9824046920821115,0.9473684210526315
743,0.07187495328115545,0.11133775552305217,0.9824046920821115,0.9473684210526315
744,0.07182648152116965,0.11126794368174253,0.9824046920821115,0.9473684210526315
745,0.07177809919974781,0.11119774062313544,0.9824046920821115,0.9473684210526315
746,0.0717297767053355,0.11112820078765726,0.9824046920821115,0.9473684210526315
747,0.07168153461104186,0.11105880526448059,0.9824046920821115,0.9473684210526315
748,0.07163341647989434,0.11098963476209145,0.9824046920821115,0.9473684210526315
749,0.07158532976130168,0.11092048891967551,0.9824046920821115,0.9473684210526315
750,0.07153740063340452,0.11085165388680539,0.9824046920821115,0.9473684210526315
751,0.07148951616420696,0.11078280266097858,0.9824046920821115,0.9473684210526315
752,0.07144179478708185,0.11071370075346824,0.9824046920821115,0.9473684210526315
753,0.07139405138757438,0.1106451054188203,0.9824046920821115,0.9473684210526315
754,0.07134642530211047,0.110576790238924,0.9824046920821115,0.9473684210526315
755,0.07129885601295514,0.11050845787979342,0.9824046920821115,0.9473684210526315
756,0.0712513825483335,0.11044040095251477,0.9824046920821115,0.9473684210526315
757,0.07120395173688225,0.11037226142208369,0.9824046920821115,0.9473684210526315
758,0.0711566091575644,0.11030387269723625,0.9824046920821115,0.9473684210526315
759,0.07110932598004278,0.11023599084627958,0.9824046920821115,0.9473684210526315
760,0.07106213776416782,0.11016837923997305,0.9824046920821115,0.9473684210526315
761,0.07101499964766479,0.11010075253323419,0.9824046920821115,0.9473684210526315
762,0.07096797761532447,0.11003339979270252,0.9824046920821115,0.9473684210526315
763,0.0709210280253743,0.10996545530412359,0.9824046920821115,0.9473684210526315
764,0.0708741415548219,0.10989830716638457,0.9824046920821115,0.9473684210526315
765,0.07082732850291387,0.10983113920432588,0.9824046920821115,0.9473684210526315
766,0.07078059826944808,0.10976424427391843,0.9824046920821115,0.9473684210526315
767,0.07073393010522357,0.10969733741139659,0.9824046920821115,0.9473684210526315
768,0.0706873556955138,0.10963070360665127,0.9824046920821115,0.9473684210526315
769,0.07064090442343594,0.10956404880383304,0.9824046920821115,0.9473684210526315
770,0.07059507162386534,0.10949778967705669,0.9824046920821115,0.9473684210526315
771,0.07054927251759016,0.10943206997517468,0.9824046920821115,0.9473684210526315
772,0.07050355845562967,0.10936662513985719,0.9824046920821115,0.9473684210526315
773,0.07045792239184556,0.10930115785983024,0.9824046920821115,0.9473684210526315
774,0.07041236781380573,0.10923544173653935,0.9824046920821115,0.9473684210526315
775,0.0703668601932385,0.10917021683929365,0.9824046920821115,0.9473684210526315
776,0.07032143422934652,0.10910525484021799,0.9824046920821115,0.9473684210526315
777,0.07027607109304577,0.10904026528497865,0.9824046920821115,0.9473684210526315
778,0.07023086164541349,0.1089755378885615,0.9824046920821115,0.9473684210526315
779,0.07018560376321648,0.10891027364890794,0.9824046920821115,0.9473684210526315
780,0.07014040890314427,0.10884573841636126,0.9824046920821115,0.9473684210526315
781,0.07009526418029222,0.10878117623450455,0.9824046920821115,0.9473684210526315
782,0.07005023959497703,0.10871687930453991,0.9824046920821115,0.9473684210526315
783,0.07000525502469011,0.10865204329901636,0.9824046920821115,0.9473684210526315
784,0.06996034597855269,0.10858798436835337,0.9824046920821115,0.9473684210526315
785,0.06991548126091655,0.1085238974737033,0.9824046920821115,0.9473684210526315
786,0.06987073695990775,0.1084600708018105,0.9824046920821115,0.9473684210526315
787,0.06982604316288409,0.10839570914091677,0.9824046920821115,0.9473684210526315
788,0.06978134874522916,0.10833212194673145,0.9824046920821115,0.9473684210526315
789,0.06973652383271448,0.10826822223649973,0.9824046920821115,0.9473684210526315
790,0.06969181896395493,0.10820458623138643,0.9824046920821115,0.9473684210526315
791,0.06964712738364824,0.108140921751061,0.9824046920821115,0.9473684210526315
792,0.069602585847676,0.10807737466784283,0.9824046920821115,0.9473684210526315
793,0.0695580485156217,0.10801353886963626,0.9824046920821115,0.9473684210526315
794,0.06951363827325664,0.10795024328216486,0.9824046920821115,0.9473684210526315
795,0.06946927082103867,0.10788720639606232,0.9824046920821115,0.9473684210526315
796,0.06942501711306902,0.10782296657960236,0.9824046920821115,0.9473684210526315
797,0.06938074882799967,0.10775967057895079,0.9824046920821115,0.9473684210526315
798,0.06933659281889665,0.10769684111203594,0.9824046920821115,0.9473684210526315
799,0.06929245309252577,0.10763427263299025,0.9824046920821115,0.9473684210526315
800,0.06924845927102925,0.10757170646742173,0.9824046920821115,0.9473684210526315
801,0.06920453025826626,0.10750889531378574,0.9824046920821115,0.9473684210526315
802,0.06916066483061768,0.10744648131416151,0.9824046920821115,0.9473684210526315
803,0.06911685015440575,0.10738429482953438,0.9824046920821115,0.9473684210526315
804,0.0690731935770484,0.1073209045124708,0.9824046920821115,0.9473684210526315
805,0.0690302087587284,0.10726096747286022,0.9824046920821115,0.9473684210526315
806,0.06898721029342997,0.10720042941578925,0.9824046920821115,0.9473684210526315
807,0.06894429461068165,0.10714067421534833,0.9824046920821115,0.9473684210526315
808,0.06890144630217128,0.10708087871813746,0.9824046920821115,0.9473684210526315
809,0.06885874722810566,0.107020186023648,0.9824046920821115,0.9473684210526315
810,0.06881602529949588,0.10696009164945704,0.9824046920821115,0.9473684210526315
811,0.06877337040727162,0.10690077705139049,0.9824046920821115,0.9473684210526315
812,0.0687307618876245,0.1068414231261928,0.9824046920821115,0.9473684210526315
813,0.06868828446899039,0.1067823174058674,0.9824046920821115,0.9473684210526315
814,0.0686458868175945,0.10672147071219701,0.9824046920821115,0.9473684210526315
815,0.0686034806195383,0.10666257223666115,0.9824046920821115,0.9473684210526315
816,0.06856111558301445,0.10660359110957397,0.9824046920821115,0.9473684210526315
817,0.0685188905528647,0.10654485545666649,0.9824046920821115,0.9473684210526315
818,0.06847670177952765,0.10648552217950125,0.9824046920821115,0.9473684210526315
819,0.06843450592876843,0.10642564351068826,0.9824046920821115,0.9473684210526315
820,0.06839188765924467,0.10636639677165156,0.9824046920821115,0.9473684210526315
821,0.06834938937479206,0.10630711113095405,0.9824046920821115,0.9473684210526315
822,0.06830695543233385,0.10624807284813773,0.9824046920821115,0.9473684210526315
823,0.06826464093247127,0.10618730608284288,0.9824046920821115,0.9473684210526315
824,0.06822229007668276,0.10612847626702537,0.9824046920821115,0.9473684210526315
825,0.06818002608023767,0.106069614013127,0.9824046920821115,0.9473684210526315
826,0.06813782458023145,0.10601095470711248,0.9824046920821115,0.9473684210526315
827,0.06809566201795818,0.10595173217489176,0.9824046920821115,0.9473684210526315
828,0.06805357421958308,0.10589211890769029,0.9824046920821115,0.9473684210526315
829,0.06801151249105104,0.1058336339393201,0.9824046920821115,0.9473684210526315
830,0.06796954824721363,0.10577541093706455,0.9824046920821115,0.9473684210526315
831,0.06792763376640655,0.10571662567173366,0.9824046920821115,0.9473684210526315
832,0.06788583177891667,0.10565860148745308,0.9824046920821115,0.9473684210526315
833,0.06784400402734626,0.10559937812729314,0.9824046920821115,0.9473684210526315
834,0.06780228714076494,0.10554144006434074,0.9824046920821115,0.9473684210526315
835,0.0677605920049204,0.10548374594382619,0.9824046920821115,0.9473684210526315
836,0.06771901331734817,0.10542548376511239,0.9824046920821115,0.9473684210526315
837,0.06767748335029745,0.10536806802162332,0.9824046920821115,0.9473684210526315
838,0.06763599068773911,0.10530964084194086,0.9824046920821115,0.9473684210526315
839,0.06759457060618135,0.10525262663762304,0.9824046920821115,0.9473684210526315
840,0.06755323481287101,0.1051949969891156,0.9824046920821115,0.9473684210526315
841,0.06751193695072215,0.10513803098271196,0.9824046920821115,0.9473684210526315
842,0.06747071392613298,0.10507987757395919,0.9824046920821115,0.9473684210526315
843,0.06742954709323515,0.10502311759924368,0.9824046920821115,0.9473684210526315
844,0.0673884077676995,0.10496631538806732,0.9824046920821115,0.9473684210526315
845,0.06734739260024279,0.10490914096179428,0.9824046920821115,0.9473684210526315
846,0.0673062968361781,0.10485255472173287,0.9824046920821115,0.956140350877193
847,0.06726532422532473,0.10479598669926235,0.9824046920821115,0.956140350877193
848,0.06722442674885881,0.10473848949070357,0.9824046920821115,0.956140350877193
849,0.06718354503607879,0.10468164153799993,0.9824046920821115,0.956140350877193
850,0.06714271316931993,0.1046254951949345,0.9824046920821115,0.956140350877193
851,0.0671019222049874,0.10456930521806569,0.9824046920821115,0.956140350877193
852,0.06706127052723321,0.10451335814171482,0.9824046920821115,0.956140350877193
853,0.06702066014656856,0.10445576563916283,0.9824046920821115,0.956140350877193
854,0.06698017277145983,0.10440022129314529,0.9824046920821115,0.956140350877193
855,0.06693969047789557,0.10434463143824114,0.9824046920821115,0.956140350877193
856,0.0668992983414979,0.10428913758535181,0.9824046920821115,0.956140350877193
857,0.0668589994005079,0.10423388075794927,0.9824046920821115,0.956140350877193
858,0.0668187796844515,0.10417698146730453,0.9824046920821115,0.956140350877193
859,0.06677863200783683,0.10412222701096291,0.9824046920821115,0.956140350877193
860,0.06673853707890255,0.10406706152067752,0.9824046920821115,0.956140350877193
861,0.0666985597279035,0.10401249350444655,0.9824046920821115,0.956140350877193
862,0.06665855600245955,0.10395729890635488,0.9824046920821115,0.956140350877193
863,0.06661867210912986,0.10390243397198988,0.9824046920821115,0.956140350877193
864,0.06657879279305866,0.10384688658437304,0.9824046920821115,0.956140350877193
865,0.06653898351850011,0.10379221484871706,0.9824046920821115,0.956140350877193
866,0.06649925476940684,0.10373766519126668,0.9824046920821115,0.956140350877193
867,0.06645954046191999,0.10368317992069331,0.9824046920821115,0.956140350877193
868,0.0664199228084323,0.10362926924590454,0.9824046920821115,0.956140350877193
869,0.06638033762274677,0.10357405345083417,0.9824046920821115,0.956140350877193
870,0.06634083393804165,0.10351985510815756,0.9824046920821115,0.956140350877193
871,0.0663013920106736,0.10346575835751277,0.9824046920821115,0.956140350877193
872,0.06626197970986561,0.10341174386806645,0.9824046920821115,0.956140350877193
873,0.06622261555593877,0.1033582952660375,0.9824046920821115,0.956140350877193
874,0.06618332122699051,0.1033033293872706,0.9824046920821115,0.956140350877193
875,0.06614411730326676,0.10324947870049303,0.9824046920821115,0.956140350877193
876,0.06610488176962684,0.10319597306910473,0.9824046920821115,0.956140350877193
877,0.06606572108771527,0.10314275269697241,0.9824046920821115,0.956140350877193
878,0.06602662428372064,0.10308964065300948,0.9824046920821115,0.956140350877193
879,0.06598757049764216,0.103036253576272,0.9824046920821115,0.956140350877193
880,0.06594859095416523,0.10298181906637328,0.9824046920821115,0.956140350877193
881,0.06590915001526652,0.10292785771983277,0.9824046920821115,0.956140350877193
882,0.06586985461637537,0.10287420890360784,0.9824046920821115,0.956140350877193
883,0.06583059397271206,0.10282078565852595,0.9824046920821115,0.956140350877193
884,0.06579141563720435,0.10276666659913074,0.9824046920821115,0.956140350877193
885,0.06575231166183858,0.1027134282767869,0.9824046920821115,0.956140350877193
886,0.06571347210663926,0.10265960909388283,0.9824046920821115,0.956140350877193
887,0.06567476161613403,0.10260692603857914,0.9824046920821115,0.956140350877193
888,0.06563603693236339,0.10255398384684053,0.9824046920821115,0.956140350877193
889,0.06559742250091886,0.10250153580492029,0.9824046920821115,0.956140350877193
890,0.06555881092575946,0.10244821160651643,0.9824046920821115,0.956140350877193
891,0.06552028253689451,0.102395741692852,0.9824046920821115,0.956140350877193
892,0.06548176422947831,0.10234329223150965,0.9824046920821115,0.956140350877193
893,0.06544333224539398,0.102290995900989,0.9824046920821115,0.956140350877193
894,0.06540494558439466,0.10223802634997027,0.9824046920821115,0.956140350877193
895,0.06536668954497521,0.10218570333506027,0.9824046920821115,0.956140350877193
896,0.06532843928212412,0.10213388293696646,0.9824046920821115,0.956140350877193
897,0.06529027968794596,0.10208271161118995,0.9824046920821115,0.956140350877193
898,0.06525220326124787,0.10203010018963554,0.9824046920821115,0.956140350877193
899,0.0652141131918248,0.10197891282769875,0.9824046920821115,0.956140350877193
900,0.06517603768831262,0.10192790799904641,0.9824046920821115,0.956140350877193
901,0.0651381356019539,0.10187713997661532,0.9824046920821115,0.956140350877193
902,0.06510017179478916,0.10182477756537824,0.9824046920821115,0.956140350877193
903,0.06506232956980501,0.10177418403545573,0.9824046920821115,0.956140350877193
904,0.06502439162540247,0.10172352152180172,0.9824046920821115,0.956140350877193
905,0.06498672446702071,0.10167295630370463,0.9824046920821115,0.956140350877193
906,0.06494892241501297,0.1016210782389947,0.9824046920821115,0.956140350877193
907,0.06491131367583497,0.10157040833738079,0.9824046920821115,0.956140350877193
908,0.06487358669566615,0.101520398226235,0.9824046920821115,0.956140350877193
909,0.06483609593514467,0.1014696981765568,0.9824046920821115,0.956140350877193
910,0.06479849174430453,0.1014185447143841,0.9824046920821115,0.956140350877193
911,0.0647610228076174,0.10136842790518974,0.9824046920821115,0.956140350877193
912,0.06472355455639792,0.10131854628736732,0.9824046920821115,0.956140350877193
913,0.06468617995637338,0.10126818434515347,0.9824046920821115,0.956140350877193
914,0.06464882339024504,0.10121723111168743,0.9824046920821115,0.956140350877193
915,0.06461151320407825,0.1011675847416142,0.9824046920821115,0.956140350877193
916,0.06457423031281893,0.10111789385164575,0.9824046920821115,0.956140350877193
917,0.06453724040166488,0.10106799898485574,0.9824046920821115,0.956140350877193
918,0.06450039141286144,0.10101714269191998,0.9824046920821115,0.956140350877193
919,0.06446363348901891,0.10096760887732636,0.9824046920821115,0.956140350877193
920,0.0644268581056653,0.10091762466430636,0.9824046920821115,0.956140350877193
921,0.06439016220778285,0.10086811500208862,0.9824046920821115,0.956140350877193
922,0.06435350629071321,0.1008190431974285,0.9824046920821115,0.956140350877193
923,0.06431691144890453,0.10076839722857457,0.9824046920821115,0.956140350877193
924,0.06428036216136135,0.10071908482591252,0.9824046920821115,0.956140350877193
925,0.06424383062469557,0.1006696701602101,0.9824046920821115,0.956140350877193
926,0.06420743283536884,0.10062089598278653,0.9824046920821115,0.956140350877193
927,0.06417103378617645,0.10057014491983172,0.9824046920821115,0.956140350877193
928,0.0641347287948977,0.10052153938787134,0.9824046920821115,0.956140350877193
929,0.0640985356818504,0.10047266896163243,0.9824046920821115,0.956140350877193
930,0.06406281169082219,0.10042502827975713,0.9824046920821115,0.956140350877193
931,0.06402710302735086,0.10037606037231515,0.9824046920821115,0.956140350877193
932,0.06399143691063344,0.1003285405855544,0.9824046920821115,0.956140350877193
933,0.06395576776381244,0.10028121396769497,0.9824046920821115,0.956140350877193
934,0.06392027561031785,0.10023343574354639,0.9824046920821115,0.956140350877193
935,0.06388466483330514,0.10018516791425613,0.9824046920821115,0.956140350877193
936,0.06384917776764952,0.1001377251308804,0.9824046920821115,0.956140350877193
937,0.0638137346763271,0.10009033850704506,0.9824046920821115,0.956140350877193
938,0.06377844869281994,0.10004224422635118,0.9824046920821115,0.956140350877193
939,0.06374313910534021,0.09999446567991854,0.9824046920821115,0.956140350877193
940,0.06370793633123979,0.09994648171838896,0.9824046920821115,0.956140350877193
941,0.06367279530474715,0.09989959968205288,0.9824046920821115,0.956140350877193
942,0.06363763787670289,0.0998510813430265,0.9824046920821115,0.956140350877193
943,0.06360255279473868,0.09980380252390518,0.9824046920821115,0.956140350877193
944,0.0635675066292641,0.09975578450716013,0.9824046920821115,0.956140350877193
945,0.06353250086226388,0.09970953693851353,0.9824046920821115,0.956140350877193
946,0.06349753478332165,0.09966098429083628,0.9824046920821115,0.956140350877193
947,0.0634626503761721,0.09961374255585406,0.9824046920821115,0.956140350877193
948,0.06342772563180721,0.09956640555157445,0.9824046920821115,0.956140350877193
949,0.06339296829645374,0.09952023880397305,0.9824046920821115,0.956140350877193
950,0.06335808768638293,0.09947307797770949,0.9824046920821115,0.956140350877193
951,0.0633233779916426,0.09942503546317831,0.9824046920821115,0.956140350877193
952,0.06328860152279653,0.09937842242097213,0.9824046920821115,0.956140350877193
953,0.0632537783406533,0.09933153038932183,0.9824046920821115,0.956140350877193
954,0.06321885536240604,0.09928490375876761,0.9824046920821115,0.956140350877193
955,0.06318407013348147,0.09923799736075486,0.9824046920821115,0.956140350877193
956,0.06314929592215751,0.09918984904081964,0.9824046920821115,0.956140350877193
957,0.06311425401154488,0.09914345742821835,0.9824046920821115,0.956140350877193
958,0.06307930169212862,0.09909652889942583,0.9824046920821115,0.956140350877193
959,0.06304439266419233,0.09904930511525094,0.9824046920821115,0.956140350877193
960,0.06300962561761703,0.09900344718321316,0.9824046920821115,0.956140350877193
961,0.06297474947818621,0.09895569015595071,0.9824046920821115,0.956140350877193
962,0.06294003365441715,0.09890884428254873,0.9824046920821115,0.956140350877193
963,0.06290526032813774,0.09886305422649629,0.9824046920821115,0.956140350877193
964,0.06287068340729318,0.0988162173475037,0.9824046920821115,0.956140350877193
965,0.06283590431146996,0.09876996145461044,0.9824046920821115,0.956140350877193
966,0.06280152950929511,0.09872262361980011,0.9824046920821115,0.956140350877193
967,0.06276690562147681,0.09867690226107695,0.9824046920821115,0.956140350877193
968,0.06273254447233549,0.09863076338454119,0.9824046920821115,0.956140350877193
969,0.06269800296741537,0.09858444011756275,0.9824046920821115,0.956140350877193
970,0.06266372301893502,0.09853918720089433,0.9824046920821115,0.956140350877193
971,0.0626293058251394,0.09849302521137687,0.9824046920821115,0.956140350877193
972,0.06259503994843278,0.09844716979788574,0.9824046920821115,0.956140350877193
973,0.0625607762011433,0.09840047751992195,0.9824046920821115,0.956140350877193
974,0.06252659776383221,0.09835512749263663,0.9824046920821115,0.956140350877193
975,0.062492332018190766,0.09830878791316275,0.9824046920821115,0.956140350877193
976,0.062458245338311014,0.09826054551456387,0.9824046920821115,0.956140350877193
977,0.062424126326788495,0.09821362932214565,0.9824046920821115,0.956140350877193
978,0.062390087191589005,0.09816553098098872,0.9824046920821115,0.956140350877193
979,0.062356010619056275,0.0981180304158562,0.9824046920821115,0.956140350877193
980,0.06232205174324449,0.09806940312233124,0.9824046920821115,0.956140350877193
981,0.06228812724295816,0.09802242268095009,0.9824046920821115,0.956140350877193
982,0.062254161246194685,0.0979749982399405,0.9824046920821115,0.956140350877193
983,0.062220332368275566,0.09792741784121485,0.9824046920821115,0.956140350877193
984,0.0621864548079231,0.09788013808062848,0.9824046920821115,0.956140350877193
985,0.062152733031598274,0.09783368553615851,0.9824046920821115,0.956140350877193
986,0.062118907682991484,0.097786307252453,0.9824046920821115,0.956140350877193
987,0.062085241955079445,0.09773923149540252,0.9824046920821115,0.956140350877193
988,0.06205154729860122,0.09769094542882066,0.9824046920821115,0.956140350877193
989,0.06201793465293441,0.0976447771746519,0.9824046920821115,0.956140350877193
990,0.06198428383836163,0.09759768404960953,0.9824046920821115,0.956140350877193
991,0.061950730497484216,0.09755091410480339,0.9824046920821115,0.956140350877193
992,0.06191720636381015,0.09750433644275673,0.9824046920821115,0.956140350877193
993,0.06188374532740933,0.09745808404773103,0.9824046920821115,0.956140350877193
994,0.0618502179233256,0.09741165104111427,0.9824046920821115,0.956140350877193
995,0.061816873664098326,0.09736375690001861,0.9824046920821115,0.956140350877193
996,0.061783458871029734,0.0973174715708701,0.9824046920821115,0.956140350877193
997,0.06175018448581478,0.09727169181176748,0.9824046920821115,0.956140350877193
998,0.06171685266077279,0.09722525848307169,0.9824046920821115,0.956140350877193
999,0.06168361664074983,0.09717899404247977,0.9824046920821115,0.956140350877193
1000,0.06165039220131602,0.09713270120316476,0.9824046920821115,0.956140350877193
1001,0.061617224372012606,0.09708733334486874,0.9824046920821115,0.956140350877193
1002,0.061584057820395596,0.09704117804142352,0.9824046920821115,0.956140350877193
1003,0.06155094114688647,0.09699524717780307,0.9824046920821115,0.956140350877193
1004,0.06151787979198089,0.09694857875939891,0.9824046920821115,0.956140350877193
1005,0.06148483231426171,0.0969031378910982,0.9824046920821115,0.956140350877193
1006,0.06145177325277145,0.09685764424282131,0.9824046920821115,0.956140350877193
1007,0.06141881979048926,0.09681162726664401,0.9824046920821115,0.956140350877193
1008,0.061385846701945676,0.09676608149967855,0.9824046920821115,0.956140350877193
1009,0.06135303362396517,0.09672096909133417,0.9824046920821115,0.956140350877193
1010,0.06132009344375103,0.09667567515975836,0.9824046920821115,0.956140350877193
1011,0.061287268580039383,0.09663034431122634,0.9824046920821115,0.956140350877193
1012,0.06125446741632488,0.09658400251598771,0.9824046920821115,0.956140350877193
1013,0.06122171492225091,0.09653933641445485,0.9824046920821115,0.956140350877193
1014,0.06118901837115776,0.09649397213324891,0.9824046920821115,0.956140350877193
1015,0.06115624535496166,0.09644891810752101,0.9824046920821115,0.956140350877193
1016,0.06112368198011078,0.09640404926132945,0.9824046920821115,0.956140350877193
1017,0.061090986132603414,0.09635876587879845,0.9824046920821115,0.956140350877193
1018,0.06105848265288402,0.09631474328157123,0.9824046920821115,0.956140350877193
1019,0.06102584554570924,0.09626959296930304,0.9824046920821115,0.956140350877193
1020,0.06099338686721369,0.0962249920330837,0.9824046920821115,0.956140350877193
1021,0.060960877662741664,0.09617895927250611,0.9824046920821115,0.956140350877193
1022,0.06092848855293117,0.09613519502386729,0.9824046920821115,0.956140350877193
1023,0.06089602630059583,0.09609031815591804,0.9824046920821115,0.956140350877193
1024,0.06086367256176885,0.0960459882268216,0.9824046920821115,0.956140350877193
1025,0.06083126154693092,0.09600160482303029,0.9824046920821115,0.956140350877193
1026,0.060799024793411344,0.09595687977947204,0.9824046920821115,0.956140350877193
1027,0.06076670920999178,0.09591332533686893,0.9824046920821115,0.956140350877193
1028,0.060734518842572985,0.09586899343713796,0.9824046920821115,0.956140350877193
1029,0.06070225092999434,0.09582398546722852,0.9824046920821115,0.956140350877193
1030,0.06067037743298312,0.0957802115546726,0.9824046920821115,0.956140350877193
1031,0.06063881781651678,0.09573654625370125,0.9824046920821115,0.956140350877193
1032,0.06060723152873439,0.09569361131927408,0.9824046920821115,0.956140350877193
1033,0.060575498425918715,0.09565010035100219,0.9824046920821115,0.956140350877193
1034,0.06054422159911888,0.0956066125565262,0.9824046920821115,0.956140350877193
1035,0.06051243510021001,0.09556358328002028,0.9824046920821115,0.956140350877193
1036,0.060481202374393014,0.09552042578918082,0.9824046920821115,0.956140350877193
1037,0.060449674042752755,0.09547765280504678,0.9824046920821115,0.956140350877193
1038,0.06041813694985084,0.09543497608976675,0.9824046920821115,0.956140350877193
1039,0.060387017930144046,0.09539031741136436,0.9824046920821115,0.956140350877193
1040,0.060355457177727695,0.09534778183210862,0.9824046920821115,0.956140350877193
1041,0.06032427830961453,0.09530516174381569,0.9824046920821115,0.956140350877193
1042,0.06029302536882595,0.09526237833855726,0.9824046920821115,0.956140350877193
1043,0.06026160939164908,0.09522009635696811,0.9824046920821115,0.956140350877193
1044,0.060230686549182885,0.09517711947929537,0.9824046920821115,0.956140350877193
1045,0.06019929041031303,0.09513462504495536,0.9824046920821115,0.956140350877193
1046,0.06016828223468775,0.09509233433145475,0.9824046920821115,0.956140350877193
1047,0.06013719868931426,0.09505047808718513,0.9824046920821115,0.956140350877193
1048,0.060105986601328334,0.09500783611263021,0.9824046920821115,0.956140350877193
1049,0.06007523002126074,0.09496438993777574,0.9824046920821115,0.956140350877193
1050,0.0600439837974169,0.09492254593688425,0.9824046920821115,0.956140350877193
1051,0.06001320347533772,0.09487969326068267,0.9824046920821115,0.956140350877193
1052,0.05998223401436395,0.09483747160184972,0.9824046920821115,0.956140350877193
1053,0.059951187626470163,0.09479507237046236,0.9824046920821115,0.956140350877193
1054,0.05992061488719404,0.09475178186321594,0.9824046920821115,0.956140350877193
1055,0.05988962920512036,0.09470972951365911,0.9824046920821115,0.956140350877193
1056,0.05985889611099868,0.09466765425410746,0.9824046920821115,0.956140350877193
1057,0.05982831203867854,0.09462505953821283,0.9824046920821115,0.956140350877193
1058,0.05979738529518618,0.094582815581092,0.9824046920821115,0.956140350877193
1059,0.05976713374442282,0.09454116873210965,0.9824046920821115,0.956140350877193
1060,0.05973627176949052,0.09449807580951702,0.9824046920821115,0.956140350877193
1061,0.059705753687630175,0.09445648674542173,0.9824046920821115,0.956140350877193
1062,0.05967526465476308,0.09441427009929505,0.9824046920821115,0.956140350877193
1063,0.059644557439303886,0.09437246674927746,0.9824046920821115,0.956140350877193
1064,0.05961438589546022,0.09433096251505754,0.9824046920821115,0.956140350877193
1065,0.05958378025844775,0.09428915338628648,0.9824046920821115,0.956140350877193
1066,0.059553388615756216,0.09424749592812776,0.9824046920821115,0.956140350877193
1067,0.05952308274208527,0.09420564480485297,0.9824046920821115,0.956140350877193
1068,0.059492563248238914,0.0941646230975969,0.9824046920821115,0.956140350877193
1069,0.05946255419609762,0.09412282230030862,0.9824046920821115,0.956140350877193
1070,0.05943210499682952,0.0940813491195675,0.9824046920821115,0.9649122807017544
1071,0.0594018424443234,0.09404028375945787,0.9824046920821115,0.9649122807017544
1072,0.05937179175143214,0.09399862772590868,0.9824046920821115,0.9649122807017544
1073,0.059341353778173685,0.09395768934070817,0.9824046920821115,0.9649122807017544
1074,0.0593114858171064,0.09391690355420247,0.9824046920821115,0.9649122807017544
1075,0.059281218514674716,0.09387521215059018,0.9824046920821115,0.9649122807017544
1076,0.05925107277432697,0.09383449625306328,0.9824046920821115,0.9649122807017544
1077,0.059221212388181545,0.09379345452135884,0.9824046920821115,0.9649122807017544
1078,0.05919102012938828,0.09375252904237225,0.9824046920821115,0.9649122807017544
1079,0.059161158660766086,0.09371172092447173,0.9824046920821115,0.9649122807017544
1080,0.059131232936967974,0.09367081181640276,0.9824046920821115,0.9649122807017544
1081,0.05910109785636969,0.09363013455771035,0.9824046920821115,0.9649122807017544
1082,0.059071489175589006,0.09358934877530779,0.9824046920821115,0.9649122807017544
1083,0.059041404778637084,0.09354879638780474,0.9824046920821115,0.9649122807017544
1084,0.059011655462010724,0.09350870117620895,0.9824046920821115,0.9649122807017544
1085,0.05898186584393832,0.09346802302777257,0.9824046920821115,0.9649122807017544
1086,0.058951914619655515,0.09342773058635732,0.9824046920821115,0.9649122807017544
1087,0.058922469947349634,0.09338772360530756,0.9824046920821115,0.9649122807017544
1088,0.05889265546314412,0.09334723795237518,0.9824046920821115,0.9649122807017544
1089,0.05886302449457804,0.09330630216234567,0.9824046920821115,0.9649122807017544
1090,0.05883350615628801,0.0932666124300124,0.9824046920821115,0.9649122807017544
1091,0.05880374152438764,0.0932267688828621,0.9824046920821115,0.9649122807017544
1092,0.05877438855574556,0.09318709753220249,0.9824046920821115,0.9649122807017544
1093,0.058744785063708595,0.09314698699967613,0.9853372434017595,0.9649122807017544
1094,0.05871516684806983,0.09310713864168069,0.9853372434017595,0.9649122807017544
1095,0.058685930505035164,0.09306727791810657,0.9853372434017595,0.9649122807017544
1096,0.058656265879072106,0.09302755145943642,0.9853372434017595,0.9649122807017544
1097,0.05862702450954397,0.09298836822232319,0.9853372434017595,0.9649122807017544
1098,0.05859757330683,0.09294853526557095,0.9853372434017595,0.9649122807017544
1099,0.05856812001190593,0.09290801843053231,0.9853372434017595,0.9649122807017544
1100,0.05853903455163446,0.09286833292080392,0.9853372434017595,0.9649122807017544
1101,0.058509647145905626,0.09282937434039112,0.9853372434017595,0.9649122807017544
1102,0.058480318475377616,0.09279008421551835,0.9853372434017595,0.9649122807017544
1103,0.058451300290906935,0.09275131219210035,0.9853372434017595,0.9649122807017544
1104,0.05842186318025444,0.09271215463299173,0.9853372434017595,0.9649122807017544
1105,0.058392978721967935,0.09267329802776639,0.9853372434017595,0.9649122807017544
1106,0.058363772421183145,0.09263411914658874,0.9853372434017595,0.9649122807017544
1107,0.05833459133012207,0.09259495048387738,0.9853372434017595,0.9649122807017544
1108,0.05830577208604985,0.09255600936559207,0.9853372434017595,0.9649122807017544
1109,0.05827657277087327,0.09251602800264248,0.9853372434017595,0.9649122807017544
1110,0.058247662558050535,0.0924776480555665,0.9853372434017595,0.9649122807017544
1111,0.05821875803996103,0.0924385772384374,0.9853372434017595,0.9649122807017544
1112,0.058189719886992425,0.09240030168331656,0.9853372434017595,0.9649122807017544
1113,0.05816114169411819,0.0923622160487317,0.9853372434017595,0.9649122807017544
1114,0.05813226773307858,0.09232343422483626,0.9853372434017595,0.9649122807017544
1115,0.05810338136516829,0.09228544832659552,0.9853372434017595,0.9649122807017544
1116,0.0580749495339335,0.0922470683605281,0.9853372434017595,0.9649122807017544
1117,0.05804590047866195,0.09220885895280045,0.9853372434017595,0.9649122807017544
1118,0.058017400499679024,0.09217101315671983,0.9853372434017595,0.9649122807017544
1119,0.05798867593203035,0.09213244551048358,0.9853372434017595,0.9649122807017544
1120,0.057959899758477804,0.0920953597810935,0.9853372434017595,0.9649122807017544
1121,0.05793160997725834,0.09205609842917761,0.9853372434017595,0.9649122807017544
1122,0.057902878479721545,0.09201821631893123,0.9853372434017595,0.9649122807017544
1123,0.05787427297720434,0.09198082378678486,0.9853372434017595,0.9649122807017544
1124,0.05784598220640365,0.09194245042874986,0.9853372434017595,0.9649122807017544
1125,0.05781722937032405,0.09190517287103428,0.9853372434017595,0.9649122807017544
1126,0.05778904279343366,0.09186733233261407,0.9853372434017595,0.9649122807017544
1127,0.057760498813254096,0.09182972147111317,0.9853372434017595,0.9649122807017544
1128,0.057731918105844784,0.09179228053997668,0.9853372434017595,0.9649122807017544
1129,0.05770386014057371,0.09175430767329563,0.9853372434017595,0.9649122807017544
1130,0.05767527943418713,0.09171714214199504,0.9853372434017595,0.9649122807017544
1131,0.0576470299014914,0.09167897053032992,0.9853372434017595,0.9649122807017544
1132,0.05761880335793025,0.09164127864602918,0.9853372434017595,0.9649122807017544
1133,0.05759038318001731,0.09160444334149417,0.9853372434017595,0.9649122807017544
1134,0.05756235040578112,0.09156742411482668,0.9853372434017595,0.9649122807017544
1135,0.05753408305211944,0.09153008753863184,0.9853372434017595,0.9649122807017544
1136,0.057505767378904206,0.09149349124266433,0.9853372434017595,0.9649122807017544
1137,0.0574779397902246,0.09145595431734696,0.9853372434017595,0.9649122807017544
1138,0.05744972367196638,0.09141946761430755,0.9853372434017595,0.9649122807017544
1139,0.05742181695594489,0.09138312845700643,0.9853372434017595,0.9649122807017544
1140,0.05739409921337059,0.0913455098548937,0.9853372434017595,0.9649122807017544
1141,0.05736606323991054,0.09131072058488027,0.9853372434017595,0.9649122807017544
1142,0.05733839140981604,0.09127470810861252,0.9853372434017595,0.9649122807017544
1143,0.05731059738291811,0.09123891563637325,0.9853372434017595,0.9649122807017544
1144,0.057282562764275506,0.09120331695995619,0.9853372434017595,0.9649122807017544
1145,0.0572552705221896,0.09116790773398992,0.9853372434017595,0.9649122807017544
1146,0.05722727206035041,0.09113092589979219,0.9853372434017595,0.9649122807017544
1147,0.05719959875450702,0.09109561247653018,0.9853372434017595,0.9649122807017544
1148,0.05717208681481615,0.09105966415981383,0.9853372434017595,0.9649122807017544
1149,0.057144320490121435,0.09102444938377768,0.9853372434017595,0.9649122807017544
1150,0.057116742341799885,0.09098932929775894,0.9853372434017595,0.9649122807017544
1151,0.057089301140124976,0.09095337599484603,0.9853372434017595,0.9649122807017544
1152,0.0570614977663697,0.09091770035966602,0.9853372434017595,0.9649122807017544
1153,0.05703422966448791,0.09088285060515623,0.9853372434017595,0.9649122807017544
1154,0.05700668369136756,0.09084759979888808,0.9853372434017595,0.9649122807017544
1155,0.056979052353129944,0.09081254632001626,0.9853372434017595,0.9649122807017544
1156,0.0569519219812355,0.09077736130601842,0.9853372434017595,0.9649122807017544
1157,0.056924334715259484,0.0907424163656791,0.9853372434017595,0.9649122807017544
1158,0.05689697814392965,0.09070752784455749,0.9853372434017595,0.9649122807017544
1159,0.05686975683093314,0.0906723445733556,0.9853372434017595,0.9649122807017544
1160,0.05684226464937262,0.09063772576421528,0.9853372434017595,0.9649122807017544
1161,0.05681506300774973,0.09060324712294658,0.9853372434017595,0.9649122807017544
1162,0.05678781816393839,0.09056840039996149,0.9853372434017595,0.9649122807017544
1163,0.05676038579783166,0.09053375191652496,0.9853372434017595,0.9649122807017544
1164,0.056733463240432574,0.09049860776283737,0.9853372434017595,0.9649122807017544
1165,0.05670612951921625,0.0904638430669228,0.9853372434017595,0.9649122807017544
1166,0.05667885954965419,0.09042939320216146,0.9853372434017595,0.9649122807017544
1167,0.05665193840979796,0.09039464043156448,0.9853372434017595,0.9649122807017544
1168,0.05662467191653245,0.09036068614868856,0.9853372434017595,0.9649122807017544
1169,0.056597580180131064,0.09032637365448698,0.9853372434017595,0.9649122807017544
1170,0.05657065823626329,0.0902910332741391,0.9853372434017595,0.9649122807017544
1171,0.05654337134833874,0.09025695310255853,0.9853372434017595,0.9649122807017544
1172,0.05651660172744382,0.09022295921506203,0.9853372434017595,0.9649122807017544
1173,0.056489472445634556,0.09018858684117376,0.9853372434017595,0.9649122807017544
1174,0.05646241727772229,0.09015480000104804,0.9853372434017595,0.9649122807017544
1175,0.05643564247241765,0.09012121556552033,0.9853372434017595,0.9649122807017544
1176,0.05640856785122456,0.09008595582161005,0.9853372434017595,0.9649122807017544
1177,0.05638145767695431,0.09005269476616437,0.9853372434017595,0.9649122807017544
1178,0.05635481398633395,0.09001819923506241,0.9853372434017595,0.9649122807017544
1179,0.0563276896942408,0.08998489826959485,0.9853372434017595,0.9649122807017544
1180,0.056300860548398175,0.0899512898598007,0.9853372434017595,0.9649122807017544
1181,0.05627411884357269,0.08991717105326835,0.9853372434017595,0.9649122807017544
1182,0.05624708520370461,0.08988388288667046,0.9853372434017595,0.9649122807017544
1183,0.05622043513071534,0.08985044785142371,0.9853372434017595,0.9649122807017544
1184,0.05619363423490771,0.08981673588876211,0.9853372434017595,0.9649122807017544
1185,0.05616680250305782,0.08978274793486098,0.9853372434017595,0.9649122807017544
1186,0.056140387743020395,0.08974954384594273,0.9853372434017595,0.9649122807017544
1187,0.05611366036683277,0.08971612836600051,0.9853372434017595,0.9649122807017544
1188,0.05608687494174295,0.08968323840602813,0.9853372434017595,0.9649122807017544
1189,0.05606066245935521,0.0896502185698854,0.9853372434017595,0.9649122807017544
1190,0.05603389069048461,0.08961691645451914,0.9853372434017595,0.9649122807017544
1191,0.056007306034083375,0.08958338092879664,0.9853372434017595,0.9649122807017544
1192,0.055981006540742,0.08954982142697347,0.9853372434017595,0.9649122807017544
1193,0.05595435710809903,0.0895174145108384,0.9853372434017595,0.9649122807017544
1194,0.05592789433223469,0.08948483772355954,0.9853372434017595,0.9649122807017544
1195,0.055901657069737876,0.08945163288985908,0.9853372434017595,0.9649122807017544
1196,0.05587495984368877,0.0894182340191885,0.9853372434017595,0.9649122807017544
1197,0.055848847480880516,0.08938603677837395,0.9853372434017595,0.9649122807017544
1198,0.055822380645791106,0.0893528750515325,0.9853372434017595,0.9649122807017544
1199,0.05579593088946167,0.08932051015763659,0.9853372434017595,0.9649122807017544
1200,0.05576984907450846,0.08928864013481468,0.9853372434017595,0.9649122807017544
1201,0.055743517994759004,0.08925461797630861,0.9853372434017595,0.9649122807017544
1202,0.05571706430585199,0.08922259915833777,0.9853372434017595,0.9649122807017544
1203,0.0556911987920828,0.08918967009232864,0.9853372434017595,0.9649122807017544
1204,0.05566478809146856,0.08915782672618053,0.9853372434017595,0.9649122807017544
1205,0.05563855551090566,0.08912592592192632,0.9853372434017595,0.9649122807017544
1206,0.05561265825182194,0.08909254454856437,0.9853372434017595,0.9649122807017544
1207,0.055586319195799906,0.0890604578701271,0.9853372434017595,0.9649122807017544
1208,0.05556024002145896,0.08902894053277438,0.9853372434017595,0.9649122807017544
1209,0.05553435318131497,0.08899660990570604,0.9853372434017595,0.9649122807017544
1210,0.05550809577977415,0.08896470112090092,0.9853372434017595,0.9649122807017544
1211,0.0554822084446618,0.08893241169056795,0.9853372434017595,0.9649122807017544
1212,0.055456239538586936,0.0889000184247362,0.9853372434017595,0.9649122807017544
1213,0.05543007566996788,0.08886853847258898,0.9853372434017595,0.9649122807017544
1214,0.05540434199291427,0.08883727962706725,0.9853372434017595,0.9649122807017544
1215,0.05537834194955404,0.08880509787844698,0.9853372434017595,0.9649122807017544
1216,0.05535229731688009,0.08877298545910552,0.9853372434017595,0.9649122807017544
1217,0.055326644663314155,0.08874214914194016,0.9853372434017595,0.9649122807017544
1218,0.05530074653537459,0.08871027931519129,0.9853372434017595,0.9649122807017544
1219,0.05527469590048081,0.08867886030896896,0.9853372434017595,0.9649122807017544
1220,0.05524921306126116,0.0886470520054115,0.9853372434017595,0.9649122807017544
1221,0.05522319941753277,0.08861498396672257,0.9853372434017595,0.9649122807017544
1222,0.055197450001896554,0.08858397327112084,0.9853372434017595,0.9649122807017544
1223,0.05517182522473279,0.08855240884115677,0.9853372434017595,0.9649122807017544
1224,0.055145970625083314,0.08852107345534377,0.9853372434017595,0.9649122807017544
1225,0.055120274864498234,0.08849020295258148,0.9853372434017595,0.9649122807017544
1226,0.05509474130201352,0.08845877700752991,0.9853372434017595,0.9649122807017544
1227,0.05506886842369046,0.08842701752694908,0.9853372434017595,0.9649122807017544
1228,0.05504340835786071,0.0883960279507305,0.9853372434017595,0.9649122807017544
1229,0.05501775719023186,0.08836458107518361,0.9853372434017595,0.9649122807017544
1230,0.054992060228502365,0.08833353092256814,0.9853372434017595,0.9649122807017544
1231,0.05496666815753456,0.08830302816143515,0.9853372434017595,0.9649122807017544
1232,0.05494106628279079,0.08827096491704259,0.9853372434017595,0.9649122807017544
1233,0.0549154086251621,0.08824036681150059,0.9853372434017595,0.9649122807017544
1234,0.054890152608945426,0.08820967020845592,0.9853372434017595,0.9649122807017544
1235,0.05486455422886573,0.08817856658725352,0.9853372434017595,0.9649122807017544
1236,0.054838942005743574,0.08814791351750631,0.9853372434017595,0.9649122807017544
1237,0.054813826283034904,0.08811665083337611,0.9853372434017595,0.9649122807017544
1238,0.05478821561006043,0.08808561085475801,0.9853372434017595,0.9649122807017544
1239,0.054762761320085736,0.08805507689952856,0.9853372434017595,0.9649122807017544
1240,0.05473758248478576,0.0880241159557264,0.9853372434017595,0.9649122807017544
1241,0.054712101184587365,0.0879937500536043,0.9853372434017595,0.9649122807017544
1242,0.054686725109520114,0.0879633361270709,0.9853372434017595,0.9649122807017544
1243,0.05466162550766968,0.08793265560775741,0.9853372434017595,0.9649122807017544
1244,0.05463610428040811,0.08790165486959155,0.9853372434017595,0.9649122807017544
1245,0.054610972246445275,0.08787130985029715,0.9853372434017595,0.9649122807017544
1246,0.05458573188588534,0.08784061852631152,0.9853372434017595,0.9649122807017544
1247,0.05456043054101772,0.08781078752287491,0.9853372434017595,0.9649122807017544
1248,0.0545351653347999,0.08778054869446662,0.9853372434017595,0.9649122807017544
1249,0.054509878985087974,0.08774875818206615,0.9853372434017595,0.9649122807017544
1250,0.054484251439206474,0.08771885301628922,0.9853372434017595,0.9649122807017544
1251,0.054459108162078884,0.08768866964960616,0.9853372434017595,0.9649122807017544
1252,0.054433694158779564,0.08765817180954608,0.9853372434017595,0.9649122807017544
1253,0.054408180134949885,0.08762779807292038,0.9853372434017595,0.9649122807017544
1254,0.05438306860637237,0.08759790833285042,0.9853372434017595,0.9649122807017544
1255,0.05435770951809914,0.08756741429211921,0.9853372434017595,0.9649122807017544
1256,0.054332195073111066,0.0875369883364275,0.9853372434017595,0.9649122807017544
1257,0.05430728092683003,0.08750710963378727,0.9853372434017595,0.9649122807017544
1258,0.05428187211596116,0.0874766810167693,0.9853372434017595,0.9649122807017544
1259,0.05425647868057795,0.08744693833937582,0.9853372434017595,0.9649122807017544
1260,0.05423160852543703,0.0874175366877011,0.9853372434017595,0.9649122807017544
1261,0.05420636113232479,0.08738710099694244,0.9853372434017595,0.9649122807017544
1262,0.054181086203296945,0.08735672975030054,0.9853372434017595,0.9649122807017544
1263,0.05415629608806601,0.08732670326659617,0.9853372434017595,0.9649122807017544
1264,0.054131082519033,0.08729714530878752,0.9853372434017595,0.9649122807017544
1265,0.05410588474589434,0.08726801219990295,0.9853372434017595,0.9649122807017544
1266,0.05408114232309183,0.08723793400147266,0.9853372434017595,0.9649122807017544
1267,0.054055964205298006,0.08720861495086131,0.9853372434017595,0.9649122807017544
1268,0.054030990404032864,0.0871787082366781,0.9853372434017595,0.9649122807017544
1269,0.054006358071914,0.08714860337926598,0.9853372434017595,0.9649122807017544
1270,0.05398143552602603,0.08711911974074914,0.9853372434017595,0.9649122807017544
1271,0.0539564845985426,0.08708946412949173,0.9853372434017595,0.9649122807017544
1272,0.05393196166345782,0.08705962307936778,0.9853372434017595,0.9649122807017544
1273,0.05390696807429844,0.08702932129918509,0.9853372434017595,0.9649122807017544
1274,0.053882278492404,0.08699993104537589,0.9853372434017595,0.9649122807017544
1275,0.05385761870836994,0.0869702328618884,0.9853372434017595,0.9649122807017544
1276,0.05383278625352995,0.0869410513492065,0.9853372434017595,0.9649122807017544
1277,0.05380812974485508,0.08691115074229422,0.9853372434017595,0.9649122807017544
1278,0.053783559296287885,0.08688144815748841,0.9853372434017595,0.9649122807017544
1279,0.05375880502985605,0.08685233731031367,0.9853372434017595,0.9649122807017544
1280,0.05373419029747594,0.08682312391231797,0.9853372434017595,0.9649122807017544
1281,0.05370971346646581,0.0867935667002258,0.9853372434017595,0.9649122807017544
1282,0.053684895239481334,0.08676397838947959,0.9853372434017595,0.9649122807017544
1283,0.05366051268195477,0.0867351511777428,0.9853372434017595,0.9649122807017544
1284,0.05363594603423338,0.08670550826827583,0.9853372434017595,0.9649122807017544
1285,0.053611306586290715,0.08667673042772185,0.9853372434017595,0.9649122807017544
1286,0.05358686041592702,0.08664726577711368,0.9853372434017595,0.9649122807017544
1287,0.05356248615576127,0.08661820578600184,0.9853372434017595,0.9649122807017544
1288,0.053537796350639516,0.086589325487617,0.9853372434017595,0.9649122807017544
1289,0.05351344046624476,0.08656077717742064,0.9853372434017595,0.9649122807017544
1290,0.05348797857872787,0.08653030390334722,0.9853372434017595,0.9649122807017544
1291,0.05346231654335243,0.08650157119304985,0.9853372434017595,0.9649122807017544
1292,0.053437221241272106,0.0864722355054444,0.9853372434017595,0.9649122807017544
1293,0.05341147575476567,0.08644359711858504,0.9853372434017595,0.9649122807017544
1294,0.053386462084893574,0.08641464841674308,0.9853372434017595,0.9649122807017544
1295,0.053360940261323944,0.08638513555243257,0.9853372434017595,0.9649122807017544
1296,0.05333557443712165,0.08635644743884967,0.9882697947214076,0.9649122807017544
1297,0.053310452141911546,0.08632739898868005,0.9882697947214076,0.9649122807017544
1298,0.053284843756018115,0.08629878783145097,0.9882697947214076,0.9649122807017544
1299,0.05326005259887772,0.0862696961425857,0.9882697947214076,0.9649122807017544
1300,0.053234520203375664,0.08624089481541439,0.9882697947214076,0.9649122807017544
1301,0.05320936132299891,0.08621267471160583,0.9882697947214076,0.9649122807017544
1302,0.053184233989209864,0.0861840380979174,0.9882697947214076,0.9649122807017544
1303,0.0531588365610056,0.08615478960786492,0.9882697947214076,0.9649122807017544
1304,0.053134060440226075,0.08612604338145007,0.9882697947214076,0.9649122807017544
1305,0.053108623984959906,0.08609815785016917,0.9882697947214076,0.9649122807017544
1306,0.053083702453044376,0.08607017927286591,0.9882697947214076,0.9649122807017544
1307,0.05305857995566712,0.08604089817671184,0.9882697947214076,0.9649122807017544
1308,0.05303341795252756,0.08601277432935517,0.9882697947214076,0.9649122807017544
1309,0.05300862600016099,0.08598406389093904,0.9882697947214076,0.9649122807017544
1310,0.05298331451011877,0.08595660582561988,0.9882697947214076,0.9649122807017544
1311,0.05295859169590161,0.0859280817825341,0.9882697947214076,0.9649122807017544
1312,0.05293344704643868,0.08589978755014213,0.9882697947214076,0.9649122807017544
1313,0.052908456436401255,0.08587172290351122,0.9882697947214076,0.9649122807017544
1314,0.05288364420732081,0.08584351799260803,0.9882697947214076,0.9649122807017544
1315,0.05285847174697507,0.0858155260509072,0.9882697947214076,0.9649122807017544
1316,0.052833948675678546,0.08578713956379702,0.9882697947214076,0.9649122807017544
1317,0.052808824375647455,0.0857594709193528,0.9882697947214076,0.9649122807017544
1318,0.052784049980786965,0.08573194245775465,0.9882697947214076,0.9649122807017544
1319,0.052759266904948914,0.08570320310693837,0.9882697947214076,0.9649122807017544
1320,0.052734365494934196,0.08567592631457144,0.9882697947214076,0.9649122807017544
1321,0.0527098537809023,0.08564772806273376,0.9882697947214076,0.9649122807017544
1322,0.052684846940548834,0.08562064499528536,0.9882697947214076,0.9649122807017544
1323,0.05266032254288166,0.08559272136922313,0.9882697947214076,0.9649122807017544
1324,0.05263563737059399,0.08556500142401882,0.9882697947214076,0.9649122807017544
1325,0.05261091972626691,0.0855375705104204,0.9882697947214076,0.9649122807017544
1326,0.05258652580753098,0.08550995987611236,0.9882697947214076,0.9649122807017544
1327,0.05256165120553236,0.08548220162042093,0.9882697947214076,0.9649122807017544
1328,0.052537299525072266,0.08545536504073048,0.9882697947214076,0.9649122807017544
1329,0.052512676337567045,0.08542751817398708,0.9882697947214076,0.9649122807017544
1330,0.05248805599317531,0.08540046428868352,0.9882697947214076,0.9649122807017544
1331,0.052463825950585755,0.08537250941813922,0.9882697947214076,0.9649122807017544
1332,0.052439029020327335,0.08534555381874198,0.9882697947214076,0.9649122807017544
1333,0.052414851448383516,0.08531893757552114,0.9882697947214076,0.9649122807017544
1334,0.05239027955905344,0.08529132521084808,0.9882697947214076,0.9649122807017544
1335,0.05236576098674394,0.08526394369697951,0.9882697947214076,0.9649122807017544
1336,0.05234161118761186,0.08523641645720495,0.9882697947214076,0.9649122807017544
1337,0.05231696688774015,0.08520966324623015,0.9882697947214076,0.9649122807017544
1338,0.05229289549162704,0.08518350565651119,0.9882697947214076,0.9649122807017544
1339,0.05226844576236831,0.08515562559698922,0.9882697947214076,0.9649122807017544
1340,0.052244048133983007,0.08512891096705995,0.9882697947214076,0.9649122807017544
1341,0.0522199765088742,0.08510150710492446,0.9882697947214076,0.9649122807017544
1342,0.05219542578316007,0.0850750799993192,0.9882697947214076,0.9649122807017544
1343,0.05217147375109981,0.08504780572791551,0.9882697947214076,0.9649122807017544
1344,0.05214713388206002,0.08502111711990473,0.9882697947214076,0.9649122807017544
1345,0.05212286001610052,0.08499423578028352,0.9882697947214076,0.9649122807017544
1346,0.052098917639026965,0.08496586303850766,0.9882697947214076,0.9649122807017544
1347,0.052074525265397055,0.08493915899100027,0.9882697947214076,0.9649122807017544
1348,0.05205064606063321,0.0849124268144797,0.9882697947214076,0.9649122807017544
1349,0.05202643493167653,0.08488517856693455,0.9882697947214076,0.9649122807017544
1350,0.052002233215065315,0.08485819761757168,0.9882697947214076,0.9649122807017544
1351,0.05197839830567019,0.0848308643374058,0.9882697947214076,0.9649122807017544
1352,0.05195404310093449,0.08480449261432084,0.9882697947214076,0.9649122807017544
1353,0.05193025637159676,0.08477804444159198,0.9882697947214076,0.9649122807017544
1354,0.051906159392169825,0.0847501729204499,0.9882697947214076,0.9649122807017544
1355,0.05188203031247437,0.08472360561188752,0.9882697947214076,0.9649122807017544
1356,0.051858311266880806,0.08469644667839127,0.9882697947214076,0.9649122807017544
1357,0.05183412299282839,0.08467021049642752,0.9882697947214076,0.9649122807017544
1358,0.051810485745924756,0.08464376003747545,0.9882697947214076,0.9649122807017544
1359,0.05178658372429026,0.08461663735779162,0.9882697947214076,0.9649122807017544
1360,0.0517626062924225,0.08459070020449248,0.9882697947214076,0.9649122807017544
1361,0.051739075419569,0.0845631249483158,0.9882697947214076,0.9649122807017544
1362,0.05171504039878412,0.08453702317917479,0.9882697947214076,0.9649122807017544
1363,0.05169146701418157,0.08451075335234011,0.9882697947214076,0.9649122807017544
1364,0.051667694916073245,0.08448385556832369,0.9882697947214076,0.9649122807017544
1365,0.051643752666879456,0.0844579213522776,0.9882697947214076,0.9649122807017544
1366,0.05162040023743625,0.08443133970202504,0.9882697947214076,0.9649122807017544
1367,0.05159645334416401,0.08440538656192068,0.9882697947214076,0.9649122807017544
1368,0.05157290716453174,0.08437881899021972,0.9882697947214076,0.9649122807017544
1369,0.05154930208287656,0.08435232804118104,0.9882697947214076,0.9649122807017544
1370,0.051525447834147545,0.08432643074544699,0.9882697947214076,0.9649122807017544
1371,0.05150225028652878,0.08430079892785242,0.9882697947214076,0.9649122807017544
1372,0.05147836214004842,0.08427431360662233,0.9882697947214076,0.9649122807017544
1373,0.05145489142699964,0.08424850266390846,0.9882697947214076,0.9649122807017544
1374,0.05143146250167935,0.08422152446419102,0.9882697947214076,0.9649122807017544
1375,0.05140772555980778,0.08419612280103922,0.9882697947214076,0.9649122807017544
1376,0.05138451431254293,0.08417065142476597,0.9882697947214076,0.9649122807017544
1377,0.05136087231574452,0.08414458643897398,0.9882697947214076,0.9649122807017544
1378,0.05133742977845599,0.08411796591605777,0.9882697947214076,0.9649122807017544
1379,0.051314135952357155,0.08409265744426782,0.9882697947214076,0.9649122807017544
1380,0.051290466014667364,0.08406725871935383,0.9882697947214076,0.9649122807017544
1381,0.05126730018294148,0.08404148948067178,0.9882697947214076,0.9649122807017544
1382,0.051243837819581986,0.08401524846271237,0.9882697947214076,0.9649122807017544
1383,0.051220330081465884,0.08398993893059777,0.9882697947214076,0.9649122807017544
1384,0.051197318905344215,0.08396344158711762,0.9882697947214076,0.9649122807017544
1385,0.051173731570044595,0.08393831193316914,0.9882697947214076,0.9649122807017544
1386,0.0511505275420747,0.08391371895033273,0.9882697947214076,0.9649122807017544
1387,0.05112729191924142,0.08388779965445971,0.9882697947214076,0.9649122807017544
1388,0.05110385341891549,0.08386232413637398,0.9882697947214076,0.9649122807017544
1389,0.0510808734397457,0.08383711358643568,0.9882697947214076,0.9649122807017544
1390,0.051057497036732125,0.08381166812881508,0.9882697947214076,0.9649122807017544
1391,0.05103418444514313,0.083786104116418,0.9882697947214076,0.9649122807017544
1392,0.051011248266991605,0.08376049465444325,0.9882697947214076,0.9649122807017544
1393,0.050987892254005594,0.08373543911507446,0.9882697947214076,0.9649122807017544
1394,0.05096489278899988,0.08371046799646185,0.9882697947214076,0.9649122807017544
1395,0.05094182062344127,0.08368492918938458,0.9882697947214076,0.9649122807017544
1396,0.05091852711506177,0.08366022683266368,0.9882697947214076,0.9649122807017544
1397,0.05089581839185746,0.08363401056719284,0.9882697947214076,0.9649122807017544
1398,0.05087255145564156,0.08360955482663723,0.9882697947214076,0.9649122807017544
1399,0.05084945657268935,0.0835849416797237,0.9882697947214076,0.9649122807017544
1400,0.05082673782285227,0.08355962212386588,0.9882697947214076,0.9649122807017544
